#ifndef __INTEGRALCONSTANTS_HPP__
#define __INTEGRALCONSTANTS_HPP__

const double integralOf2DTestFunctionsMultipliedOnZeroOneRange[15][15][15][15]
{{{{0.1111111111111111,0.05555555555555555,0.027777777777777776,0.005555555555555556,0.005555555555555556,0.002380952380952381,0.002380952380952381,0.0013227513227513227,0.0013227513227513227,0.0008417508417508417,0.0008417508417508417,0.0005827505827505828,0.0005827505827505828,0.00042735042735042735,0.00042735042735042735},{0.05555555555555555,0.5,0.027777777777777776,-0.005555555555555556,0.005555555555555556,-0.002380952380952381,0.002380952380952381,-0.0013227513227513227,0.0013227513227513227,-0.0008417508417508417,0.0008417508417508417,-0.0005827505827505828,0.0005827505827505828,-0.00042735042735042735,0.00042735042735042735},{0.027777777777777776,0.027777777777777776,0.011111111111111112,0.0,0.0015873015873015873,0.0,0.0005291005291005291,0.0,0.0002405002405002405,0.0,0.0001295001295001295,0.0,7.77000777000777e-05,0.0,5.0276520864756156e-05},{0.005555555555555556,-0.005555555555555556,0.0,0.0015873015873015873,0.0,0.0005291005291005291,0.0,0.0002405002405002405,0.0,0.0001295001295001295,0.0,7.77000777000777e-05,0.0,5.0276520864756156e-05,0.0},{0.005555555555555556,0.005555555555555556,0.0015873015873015873,0.0,0.0005291005291005291,0.0,0.0002405002405002405,0.0,0.0001295001295001295,0.0,7.77000777000777e-05,0.0,5.0276520864756156e-05,0.0,3.439972480220158e-05},{0.002380952380952381,-0.002380952380952381,0.0,0.0005291005291005291,0.0,0.0002405002405002405,0.0,0.0001295001295001295,0.0,7.77000777000777e-05,0.0,5.0276520864756156e-05,0.0,3.439972480220158e-05,0.0},{0.002380952380952381,0.002380952380952381,0.0005291005291005291,0.0,0.0002405002405002405,0.0,0.0001295001295001295,0.0,7.77000777000777e-05,0.0,5.0276520864756156e-05,0.0,3.439972480220158e-05,0.0,2.4571232001572558e-05},{0.0013227513227513227,-0.0013227513227513227,0.0,0.0002405002405002405,0.0,0.0001295001295001295,0.0,7.77000777000777e-05,0.0,5.0276520864756156e-05,0.0,3.439972480220158e-05,0.0,2.4571232001572558e-05,0.0},{0.0013227513227513227,0.0013227513227513227,0.0002405002405002405,0.0,0.0001295001295001295,0.0,7.77000777000777e-05,0.0,5.0276520864756156e-05,0.0,3.439972480220158e-05,0.0,2.4571232001572558e-05,0.0,1.8161345392466673e-05},{0.0008417508417508417,-0.0008417508417508417,0.0,0.0001295001295001295,0.0,7.77000777000777e-05,0.0,5.0276520864756156e-05,0.0,3.439972480220158e-05,0.0,2.4571232001572558e-05,0.0,1.8161345392466673e-05,0.0},{0.0008417508417508417,0.0008417508417508417,0.0001295001295001295,0.0,7.77000777000777e-05,0.0,5.0276520864756156e-05,0.0,3.439972480220158e-05,0.0,2.4571232001572558e-05,0.0,1.8161345392466673e-05,0.0,1.3798242103955957e-05},{0.0005827505827505828,-0.0005827505827505828,0.0,7.77000777000777e-05,0.0,5.0276520864756156e-05,0.0,3.439972480220158e-05,0.0,2.4571232001572558e-05,0.0,1.8161345392466673e-05,0.0,1.3798242103955957e-05,0.0},{0.0005827505827505828,0.0005827505827505828,7.77000777000777e-05,0.0,5.0276520864756156e-05,0.0,3.439972480220158e-05,0.0,2.4571232001572558e-05,0.0,1.8161345392466673e-05,0.0,1.3798242103955957e-05,0.0,1.0699421161315172e-05},{0.00042735042735042735,-0.00042735042735042735,0.0,5.0276520864756156e-05,0.0,3.439972480220158e-05,0.0,2.4571232001572558e-05,0.0,1.8161345392466673e-05,0.0,1.3798242103955957e-05,0.0,1.0699421161315172e-05,0.0},{0.00042735042735042735,0.00042735042735042735,5.0276520864756156e-05,0.0,3.439972480220158e-05,0.0,2.4571232001572558e-05,0.0,1.8161345392466673e-05,0.0,1.3798242103955957e-05,0.0,1.0699421161315172e-05,0.0,8.382791804982731e-06}},{{0.05555555555555555,0.027777777777777776,0.013888888888888888,0.002777777777777778,0.002777777777777778,0.0011904761904761906,0.0011904761904761906,0.0006613756613756613,0.0006613756613756613,0.00042087542087542086,0.00042087542087542086,0.0002913752913752914,0.0002913752913752914,0.00021367521367521368,0.00021367521367521368},{0.027777777777777776,0.2,0.013888888888888888,-0.002777777777777778,0.002777777777777778,-0.0011904761904761906,0.0011904761904761906,-0.0006613756613756613,0.0006613756613756613,-0.00042087542087542086,0.00042087542087542086,-0.0002913752913752914,0.0002913752913752914,-0.00021367521367521368,0.00021367521367521368},{0.013888888888888888,0.013888888888888888,0.005555555555555556,0.0,0.0007936507936507937,0.0,0.00026455026455026457,0.0,0.00012025012025012025,0.0,6.475006475006475e-05,0.0,3.885003885003885e-05,0.0,2.5138260432378078e-05},{0.002777777777777778,-0.002777777777777778,0.0,0.0007936507936507937,0.0,0.00026455026455026457,0.0,0.00012025012025012025,0.0,6.475006475006475e-05,0.0,3.885003885003885e-05,0.0,2.5138260432378078e-05,0.0},{0.002777777777777778,0.002777777777777778,0.0007936507936507937,0.0,0.00026455026455026457,0.0,0.00012025012025012025,0.0,6.475006475006475e-05,0.0,3.885003885003885e-05,0.0,2.5138260432378078e-05,0.0,1.719986240110079e-05},{0.0011904761904761906,-0.0011904761904761906,0.0,0.00026455026455026457,0.0,0.00012025012025012025,0.0,6.475006475006475e-05,0.0,3.885003885003885e-05,0.0,2.5138260432378078e-05,0.0,1.719986240110079e-05,0.0},{0.0011904761904761906,0.0011904761904761906,0.00026455026455026457,0.0,0.00012025012025012025,0.0,6.475006475006475e-05,0.0,3.885003885003885e-05,0.0,2.5138260432378078e-05,0.0,1.719986240110079e-05,0.0,1.2285616000786279e-05},{0.0006613756613756613,-0.0006613756613756613,0.0,0.00012025012025012025,0.0,6.475006475006475e-05,0.0,3.885003885003885e-05,0.0,2.5138260432378078e-05,0.0,1.719986240110079e-05,0.0,1.2285616000786279e-05,0.0},{0.0006613756613756613,0.0006613756613756613,0.00012025012025012025,0.0,6.475006475006475e-05,0.0,3.885003885003885e-05,0.0,2.5138260432378078e-05,0.0,1.719986240110079e-05,0.0,1.2285616000786279e-05,0.0,9.08075515559874e-06},{0.00042087542087542086,-0.00042087542087542086,0.0,6.475006475006475e-05,0.0,3.885003885003885e-05,0.0,2.5138260432378078e-05,0.0,1.719986240110079e-05,0.0,1.2285616000786279e-05,0.0,9.08075515559874e-06,0.0},{0.00042087542087542086,0.00042087542087542086,6.475006475006475e-05,0.0,3.885003885003885e-05,0.0,2.5138260432378078e-05,0.0,1.719986240110079e-05,0.0,1.2285616000786279e-05,0.0,9.08075515559874e-06,0.0,6.899168650177654e-06},{0.0002913752913752914,-0.0002913752913752914,0.0,3.885003885003885e-05,0.0,2.5138260432378078e-05,0.0,1.719986240110079e-05,0.0,1.2285616000786279e-05,0.0,9.08075515559874e-06,0.0,6.899168650177654e-06,0.0},{0.0002913752913752914,0.0002913752913752914,3.885003885003885e-05,0.0,2.5138260432378078e-05,0.0,1.719986240110079e-05,0.0,1.2285616000786279e-05,0.0,9.08075515559874e-06,0.0,6.899168650177654e-06,0.0,5.34973920021399e-06},{0.00021367521367521368,-0.00021367521367521368,0.0,2.5138260432378078e-05,0.0,1.719986240110079e-05,0.0,1.2285616000786279e-05,0.0,9.08075515559874e-06,0.0,6.899168650177654e-06,0.0,5.34973920021399e-06,0.0},{0.00021367521367521368,0.00021367521367521368,2.5138260432378078e-05,0.0,1.719986240110079e-05,0.0,1.2285616000786279e-05,0.0,9.08075515559874e-06,0.0,6.899168650177654e-06,0.0,5.34973920021399e-06,0.0,4.1913959024913655e-06}},{{0.027777777777777776,0.013888888888888888,0.006944444444444444,0.001388888888888889,0.001388888888888889,0.0005952380952380953,0.0005952380952380953,0.00033068783068783067,0.00033068783068783067,0.00021043771043771043,0.00021043771043771043,0.0001456876456876457,0.0001456876456876457,0.00010683760683760684,0.00010683760683760684},{0.013888888888888888,0.1111111111111111,0.006944444444444444,-0.001388888888888889,0.001388888888888889,-0.0005952380952380953,0.0005952380952380953,-0.00033068783068783067,0.00033068783068783067,-0.00021043771043771043,0.00021043771043771043,-0.0001456876456876457,0.0001456876456876457,-0.00010683760683760684,0.00010683760683760684},{0.006944444444444444,0.006944444444444444,0.002777777777777778,0.0,0.0003968253968253968,0.0,0.00013227513227513228,0.0,6.012506012506013e-05,0.0,3.237503237503238e-05,0.0,1.9425019425019425e-05,0.0,1.2569130216189039e-05},{0.001388888888888889,-0.001388888888888889,0.0,0.0003968253968253968,0.0,0.00013227513227513228,0.0,6.012506012506013e-05,0.0,3.237503237503238e-05,0.0,1.9425019425019425e-05,0.0,1.2569130216189039e-05,0.0},{0.001388888888888889,0.001388888888888889,0.0003968253968253968,0.0,0.00013227513227513228,0.0,6.012506012506013e-05,0.0,3.237503237503238e-05,0.0,1.9425019425019425e-05,0.0,1.2569130216189039e-05,0.0,8.599931200550395e-06},{0.0005952380952380953,-0.0005952380952380953,0.0,0.00013227513227513228,0.0,6.012506012506013e-05,0.0,3.237503237503238e-05,0.0,1.9425019425019425e-05,0.0,1.2569130216189039e-05,0.0,8.599931200550395e-06,0.0},{0.0005952380952380953,0.0005952380952380953,0.00013227513227513228,0.0,6.012506012506013e-05,0.0,3.237503237503238e-05,0.0,1.9425019425019425e-05,0.0,1.2569130216189039e-05,0.0,8.599931200550395e-06,0.0,6.142808000393139e-06},{0.00033068783068783067,-0.00033068783068783067,0.0,6.012506012506013e-05,0.0,3.237503237503238e-05,0.0,1.9425019425019425e-05,0.0,1.2569130216189039e-05,0.0,8.599931200550395e-06,0.0,6.142808000393139e-06,0.0},{0.00033068783068783067,0.00033068783068783067,6.012506012506013e-05,0.0,3.237503237503238e-05,0.0,1.9425019425019425e-05,0.0,1.2569130216189039e-05,0.0,8.599931200550395e-06,0.0,6.142808000393139e-06,0.0,4.54035696286442e-06},{0.00021043771043771043,-0.00021043771043771043,0.0,3.237503237503238e-05,0.0,1.9425019425019425e-05,0.0,1.2569130216189039e-05,0.0,8.599931200550395e-06,0.0,6.142808000393139e-06,0.0,4.54035696286442e-06,0.0},{0.00021043771043771043,0.00021043771043771043,3.237503237503238e-05,0.0,1.9425019425019425e-05,0.0,1.2569130216189039e-05,0.0,8.599931200550395e-06,0.0,6.142808000393139e-06,0.0,4.54035696286442e-06,0.0,3.4495724254978595e-06},{0.0001456876456876457,-0.0001456876456876457,0.0,1.9425019425019425e-05,0.0,1.2569130216189039e-05,0.0,8.599931200550395e-06,0.0,6.142808000393139e-06,0.0,4.54035696286442e-06,0.0,3.4495724254978595e-06,0.0},{0.0001456876456876457,0.0001456876456876457,1.9425019425019425e-05,0.0,1.2569130216189039e-05,0.0,8.599931200550395e-06,0.0,6.142808000393139e-06,0.0,4.54035696286442e-06,0.0,3.4495724254978595e-06,0.0,2.674855290328793e-06},{0.00010683760683760684,-0.00010683760683760684,0.0,1.2569130216189039e-05,0.0,8.599931200550395e-06,0.0,6.142808000393139e-06,0.0,4.54035696286442e-06,0.0,3.4495724254978595e-06,0.0,2.674855290328793e-06,0.0},{0.00010683760683760684,0.00010683760683760684,1.2569130216189039e-05,0.0,8.599931200550395e-06,0.0,6.142808000393139e-06,0.0,4.54035696286442e-06,0.0,3.4495724254978595e-06,0.0,2.674855290328793e-06,0.0,2.0956891673826936e-06}},{{0.005555555555555556,0.002777777777777778,0.001388888888888889,0.0002777777777777778,0.0002777777777777778,0.00011904761904761905,0.00011904761904761905,6.613756613756614e-05,6.613756613756614e-05,4.208754208754209e-05,4.208754208754209e-05,2.9137529137529138e-05,2.9137529137529138e-05,2.1367521367521368e-05,2.1367521367521368e-05},{0.002777777777777778,0.022222222222222223,0.001388888888888889,-0.0002777777777777778,0.0002777777777777778,-0.00011904761904761905,0.00011904761904761905,-6.613756613756614e-05,6.613756613756614e-05,-4.208754208754209e-05,4.208754208754209e-05,-2.9137529137529138e-05,2.9137529137529138e-05,-2.1367521367521368e-05,2.1367521367521368e-05},{0.001388888888888889,0.001388888888888889,0.0005555555555555556,0.0,7.936507936507937e-05,0.0,2.6455026455026456e-05,0.0,1.2025012025012024e-05,0.0,6.475006475006475e-06,0.0,3.885003885003885e-06,0.0,2.513838681944102e-06},{0.0002777777777777778,-0.0002777777777777778,0.0,7.936507936507937e-05,0.0,2.6455026455026456e-05,0.0,1.2025012025012024e-05,0.0,6.475006475006475e-06,0.0,3.885003885003885e-06,0.0,2.513838681944102e-06,0.0},{0.0002777777777777778,0.0002777777777777778,7.936507936507937e-05,0.0,2.6455026455026456e-05,0.0,1.2025012025012024e-05,0.0,6.475006475006475e-06,0.0,3.885003885003885e-06,0.0,2.513838681944102e-06,0.0,1.719986240110079e-06},{0.00011904761904761905,-0.00011904761904761905,0.0,2.6455026455026456e-05,0.0,1.2025012025012024e-05,0.0,6.475006475006475e-06,0.0,3.885003885003885e-06,0.0,2.513838681944102e-06,0.0,1.719986240110079e-06,0.0},{0.00011904761904761905,0.00011904761904761905,2.6455026455026456e-05,0.0,1.2025012025012024e-05,0.0,6.475006475006475e-06,0.0,3.885003885003885e-06,0.0,2.513838681944102e-06,0.0,1.719986240110079e-06,0.0,1.2285661281861327e-06},{6.613756613756614e-05,-6.613756613756614e-05,0.0,1.2025012025012024e-05,0.0,6.475006475006475e-06,0.0,3.885003885003885e-06,0.0,2.513838681944102e-06,0.0,1.719986240110079e-06,0.0,1.2285661281861327e-06,0.0},{6.613756613756614e-05,6.613756613756614e-05,1.2025012025012024e-05,0.0,6.475006475006475e-06,0.0,3.885003885003885e-06,0.0,2.513838681944102e-06,0.0,1.719986240110079e-06,0.0,1.2285661281861327e-06,0.0,9.08075515559874e-07},{4.208754208754209e-05,-4.208754208754209e-05,0.0,6.475006475006475e-06,0.0,3.885003885003885e-06,0.0,2.513838681944102e-06,0.0,1.719986240110079e-06,0.0,1.2285661281861327e-06,0.0,9.08075515559874e-07,0.0},{4.208754208754209e-05,4.208754208754209e-05,6.475006475006475e-06,0.0,3.885003885003885e-06,0.0,2.513838681944102e-06,0.0,1.719986240110079e-06,0.0,1.2285661281861327e-06,0.0,9.08075515559874e-07,0.0,6.899163890328131e-07},{2.9137529137529138e-05,-2.9137529137529138e-05,0.0,3.885003885003885e-06,0.0,2.513838681944102e-06,0.0,1.719986240110079e-06,0.0,1.2285661281861327e-06,0.0,9.08075515559874e-07,0.0,6.899163890328131e-07,0.0},{2.9137529137529138e-05,2.9137529137529138e-05,3.885003885003885e-06,0.0,2.513838681944102e-06,0.0,1.719986240110079e-06,0.0,1.2285661281861327e-06,0.0,9.08075515559874e-07,0.0,6.899163890328131e-07,0.0,5.349727752354683e-07},{2.1367521367521368e-05,-2.1367521367521368e-05,0.0,2.513838681944102e-06,0.0,1.719986240110079e-06,0.0,1.2285661281861327e-06,0.0,9.08075515559874e-07,0.0,6.899163890328131e-07,0.0,5.349727752354683e-07,0.0},{2.1367521367521368e-05,2.1367521367521368e-05,2.513838681944102e-06,0.0,1.719986240110079e-06,0.0,1.2285661281861327e-06,0.0,9.08075515559874e-07,0.0,6.899163890328131e-07,0.0,5.349727752354683e-07,0.0,4.191392388934389e-07}},{{0.005555555555555556,0.002777777777777778,0.001388888888888889,0.0002777777777777778,0.0002777777777777778,0.00011904761904761905,0.00011904761904761905,6.613756613756614e-05,6.613756613756614e-05,4.208754208754209e-05,4.208754208754209e-05,2.9137529137529138e-05,2.9137529137529138e-05,2.1367521367521368e-05,2.1367521367521368e-05},{0.002777777777777778,0.022222222222222223,0.001388888888888889,-0.0002777777777777778,0.0002777777777777778,-0.00011904761904761905,0.00011904761904761905,-6.613756613756614e-05,6.613756613756614e-05,-4.208754208754209e-05,4.208754208754209e-05,-2.9137529137529138e-05,2.9137529137529138e-05,-2.1367521367521368e-05,2.1367521367521368e-05},{0.001388888888888889,0.001388888888888889,0.0005555555555555556,0.0,7.936507936507937e-05,0.0,2.6455026455026456e-05,0.0,1.2025012025012024e-05,0.0,6.475006475006475e-06,0.0,3.885003885003885e-06,0.0,2.513838681944102e-06},{0.0002777777777777778,-0.0002777777777777778,0.0,7.936507936507937e-05,0.0,2.6455026455026456e-05,0.0,1.2025012025012024e-05,0.0,6.475006475006475e-06,0.0,3.885003885003885e-06,0.0,2.513838681944102e-06,0.0},{0.0002777777777777778,0.0002777777777777778,7.936507936507937e-05,0.0,2.6455026455026456e-05,0.0,1.2025012025012024e-05,0.0,6.475006475006475e-06,0.0,3.885003885003885e-06,0.0,2.513838681944102e-06,0.0,1.719986240110079e-06},{0.00011904761904761905,-0.00011904761904761905,0.0,2.6455026455026456e-05,0.0,1.2025012025012024e-05,0.0,6.475006475006475e-06,0.0,3.885003885003885e-06,0.0,2.513838681944102e-06,0.0,1.719986240110079e-06,0.0},{0.00011904761904761905,0.00011904761904761905,2.6455026455026456e-05,0.0,1.2025012025012024e-05,0.0,6.475006475006475e-06,0.0,3.885003885003885e-06,0.0,2.513838681944102e-06,0.0,1.719986240110079e-06,0.0,1.2285661281861327e-06},{6.613756613756614e-05,-6.613756613756614e-05,0.0,1.2025012025012024e-05,0.0,6.475006475006475e-06,0.0,3.885003885003885e-06,0.0,2.513838681944102e-06,0.0,1.719986240110079e-06,0.0,1.2285661281861327e-06,0.0},{6.613756613756614e-05,6.613756613756614e-05,1.2025012025012024e-05,0.0,6.475006475006475e-06,0.0,3.885003885003885e-06,0.0,2.513838681944102e-06,0.0,1.719986240110079e-06,0.0,1.2285661281861327e-06,0.0,9.08075515559874e-07},{4.208754208754209e-05,-4.208754208754209e-05,0.0,6.475006475006475e-06,0.0,3.885003885003885e-06,0.0,2.513838681944102e-06,0.0,1.719986240110079e-06,0.0,1.2285661281861327e-06,0.0,9.08075515559874e-07,0.0},{4.208754208754209e-05,4.208754208754209e-05,6.475006475006475e-06,0.0,3.885003885003885e-06,0.0,2.513838681944102e-06,0.0,1.719986240110079e-06,0.0,1.2285661281861327e-06,0.0,9.08075515559874e-07,0.0,6.899163890328131e-07},{2.9137529137529138e-05,-2.9137529137529138e-05,0.0,3.885003885003885e-06,0.0,2.513838681944102e-06,0.0,1.719986240110079e-06,0.0,1.2285661281861327e-06,0.0,9.08075515559874e-07,0.0,6.899163890328131e-07,0.0},{2.9137529137529138e-05,2.9137529137529138e-05,3.885003885003885e-06,0.0,2.513838681944102e-06,0.0,1.719986240110079e-06,0.0,1.2285661281861327e-06,0.0,9.08075515559874e-07,0.0,6.899163890328131e-07,0.0,5.349727752354683e-07},{2.1367521367521368e-05,-2.1367521367521368e-05,0.0,2.513838681944102e-06,0.0,1.719986240110079e-06,0.0,1.2285661281861327e-06,0.0,9.08075515559874e-07,0.0,6.899163890328131e-07,0.0,5.349727752354683e-07,0.0},{2.1367521367521368e-05,2.1367521367521368e-05,2.513838681944102e-06,0.0,1.719986240110079e-06,0.0,1.2285661281861327e-06,0.0,9.08075515559874e-07,0.0,6.899163890328131e-07,0.0,5.349727752354683e-07,0.0,4.191392388934389e-07}},{{0.002380952380952381,0.0011904761904761906,0.0005952380952380953,0.00011904761904761905,0.00011904761904761905,5.102040816326531e-05,5.102040816326531e-05,2.834467120181406e-05,2.834467120181406e-05,1.8037518037518038e-05,1.8037518037518038e-05,1.2487512487512488e-05,1.2487512487512488e-05,9.157509157509158e-06,9.157509157509158e-06},{0.0011904761904761906,0.009523809523809525,0.0005952380952380953,-0.00011904761904761905,0.00011904761904761905,-5.102040816326531e-05,5.102040816326531e-05,-2.834467120181406e-05,2.834467120181406e-05,-1.8037518037518038e-05,1.8037518037518038e-05,-1.2487512487512488e-05,1.2487512487512488e-05,-9.157509157509158e-06,9.157509157509158e-06},{0.0005952380952380953,0.0005952380952380953,0.0002380952380952381,0.0,3.401360544217687e-05,0.0,1.1337868480725624e-05,0.0,5.153576582148011e-06,0.0,2.775002775002775e-06,0.0,1.665001665001665e-06,0.0,1.0773575006167872e-06},{0.00011904761904761905,-0.00011904761904761905,0.0,3.401360544217687e-05,0.0,1.1337868480725624e-05,0.0,5.153576582148011e-06,0.0,2.775002775002775e-06,0.0,1.665001665001665e-06,0.0,1.0773575006167872e-06,0.0},{0.00011904761904761905,0.00011904761904761905,3.401360544217687e-05,0.0,1.1337868480725624e-05,0.0,5.153576582148011e-06,0.0,2.775002775002775e-06,0.0,1.665001665001665e-06,0.0,1.0773575006167872e-06,0.0,7.371358733069832e-07},{5.102040816326531e-05,-5.102040816326531e-05,0.0,1.1337868480725624e-05,0.0,5.153576582148011e-06,0.0,2.775002775002775e-06,0.0,1.665001665001665e-06,0.0,1.0773575006167872e-06,0.0,7.371358733069832e-07,0.0},{5.102040816326531e-05,5.102040816326531e-05,1.1337868480725624e-05,0.0,5.153576582148011e-06,0.0,2.775002775002775e-06,0.0,1.665001665001665e-06,0.0,1.0773575006167872e-06,0.0,7.371358733069832e-07,0.0,5.265272317251612e-07},{2.834467120181406e-05,-2.834467120181406e-05,0.0,5.153576582148011e-06,0.0,2.775002775002775e-06,0.0,1.665001665001665e-06,0.0,1.0773575006167872e-06,0.0,7.371358733069832e-07,0.0,5.265272317251612e-07,0.0},{2.834467120181406e-05,2.834467120181406e-05,5.153576582148011e-06,0.0,2.775002775002775e-06,0.0,1.665001665001665e-06,0.0,1.0773575006167872e-06,0.0,7.371358733069832e-07,0.0,5.265272317251612e-07,0.0,3.891744131833611e-07},{1.8037518037518038e-05,-1.8037518037518038e-05,0.0,2.775002775002775e-06,0.0,1.665001665001665e-06,0.0,1.0773575006167872e-06,0.0,7.371358733069832e-07,0.0,5.265272317251612e-07,0.0,3.891744131833611e-07,0.0},{1.8037518037518038e-05,1.8037518037518038e-05,2.775002775002775e-06,0.0,1.665001665001665e-06,0.0,1.0773575006167872e-06,0.0,7.371358733069832e-07,0.0,5.265272317251612e-07,0.0,3.891744131833611e-07,0.0,2.956779570308966e-07},{1.2487512487512488e-05,-1.2487512487512488e-05,0.0,1.665001665001665e-06,0.0,1.0773575006167872e-06,0.0,7.371358733069832e-07,0.0,5.265272317251612e-07,0.0,3.891744131833611e-07,0.0,2.956779570308966e-07,0.0},{1.2487512487512488e-05,1.2487512487512488e-05,1.665001665001665e-06,0.0,1.0773575006167872e-06,0.0,7.371358733069832e-07,0.0,5.265272317251612e-07,0.0,3.891744131833611e-07,0.0,2.956779570308966e-07,0.0,2.292736610418195e-07},{9.157509157509158e-06,-9.157509157509158e-06,0.0,1.0773575006167872e-06,0.0,7.371358733069832e-07,0.0,5.265272317251612e-07,0.0,3.891744131833611e-07,0.0,2.956779570308966e-07,0.0,2.292736610418195e-07,0.0},{9.157509157509158e-06,9.157509157509158e-06,1.0773575006167872e-06,0.0,7.371358733069832e-07,0.0,5.265272317251612e-07,0.0,3.891744131833611e-07,0.0,2.956779570308966e-07,0.0,2.292736610418195e-07,0.0,1.7963080122163315e-07}},{{0.002380952380952381,0.0011904761904761906,0.0005952380952380953,0.00011904761904761905,0.00011904761904761905,5.102040816326531e-05,5.102040816326531e-05,2.834467120181406e-05,2.834467120181406e-05,1.8037518037518038e-05,1.8037518037518038e-05,1.2487512487512488e-05,1.2487512487512488e-05,9.157509157509158e-06,9.157509157509158e-06},{0.0011904761904761906,0.009523809523809525,0.0005952380952380953,-0.00011904761904761905,0.00011904761904761905,-5.102040816326531e-05,5.102040816326531e-05,-2.834467120181406e-05,2.834467120181406e-05,-1.8037518037518038e-05,1.8037518037518038e-05,-1.2487512487512488e-05,1.2487512487512488e-05,-9.157509157509158e-06,9.157509157509158e-06},{0.0005952380952380953,0.0005952380952380953,0.0002380952380952381,0.0,3.401360544217687e-05,0.0,1.1337868480725624e-05,0.0,5.153576582148011e-06,0.0,2.775002775002775e-06,0.0,1.665001665001665e-06,0.0,1.0773575006167872e-06},{0.00011904761904761905,-0.00011904761904761905,0.0,3.401360544217687e-05,0.0,1.1337868480725624e-05,0.0,5.153576582148011e-06,0.0,2.775002775002775e-06,0.0,1.665001665001665e-06,0.0,1.0773575006167872e-06,0.0},{0.00011904761904761905,0.00011904761904761905,3.401360544217687e-05,0.0,1.1337868480725624e-05,0.0,5.153576582148011e-06,0.0,2.775002775002775e-06,0.0,1.665001665001665e-06,0.0,1.0773575006167872e-06,0.0,7.371358733069832e-07},{5.102040816326531e-05,-5.102040816326531e-05,0.0,1.1337868480725624e-05,0.0,5.153576582148011e-06,0.0,2.775002775002775e-06,0.0,1.665001665001665e-06,0.0,1.0773575006167872e-06,0.0,7.371358733069832e-07,0.0},{5.102040816326531e-05,5.102040816326531e-05,1.1337868480725624e-05,0.0,5.153576582148011e-06,0.0,2.775002775002775e-06,0.0,1.665001665001665e-06,0.0,1.0773575006167872e-06,0.0,7.371358733069832e-07,0.0,5.265272317251612e-07},{2.834467120181406e-05,-2.834467120181406e-05,0.0,5.153576582148011e-06,0.0,2.775002775002775e-06,0.0,1.665001665001665e-06,0.0,1.0773575006167872e-06,0.0,7.371358733069832e-07,0.0,5.265272317251612e-07,0.0},{2.834467120181406e-05,2.834467120181406e-05,5.153576582148011e-06,0.0,2.775002775002775e-06,0.0,1.665001665001665e-06,0.0,1.0773575006167872e-06,0.0,7.371358733069832e-07,0.0,5.265272317251612e-07,0.0,3.891744131833611e-07},{1.8037518037518038e-05,-1.8037518037518038e-05,0.0,2.775002775002775e-06,0.0,1.665001665001665e-06,0.0,1.0773575006167872e-06,0.0,7.371358733069832e-07,0.0,5.265272317251612e-07,0.0,3.891744131833611e-07,0.0},{1.8037518037518038e-05,1.8037518037518038e-05,2.775002775002775e-06,0.0,1.665001665001665e-06,0.0,1.0773575006167872e-06,0.0,7.371358733069832e-07,0.0,5.265272317251612e-07,0.0,3.891744131833611e-07,0.0,2.956779570308966e-07},{1.2487512487512488e-05,-1.2487512487512488e-05,0.0,1.665001665001665e-06,0.0,1.0773575006167872e-06,0.0,7.371358733069832e-07,0.0,5.265272317251612e-07,0.0,3.891744131833611e-07,0.0,2.956779570308966e-07,0.0},{1.2487512487512488e-05,1.2487512487512488e-05,1.665001665001665e-06,0.0,1.0773575006167872e-06,0.0,7.371358733069832e-07,0.0,5.265272317251612e-07,0.0,3.891744131833611e-07,0.0,2.956779570308966e-07,0.0,2.292736610418195e-07},{9.157509157509158e-06,-9.157509157509158e-06,0.0,1.0773575006167872e-06,0.0,7.371358733069832e-07,0.0,5.265272317251612e-07,0.0,3.891744131833611e-07,0.0,2.956779570308966e-07,0.0,2.292736610418195e-07,0.0},{9.157509157509158e-06,9.157509157509158e-06,1.0773575006167872e-06,0.0,7.371358733069832e-07,0.0,5.265272317251612e-07,0.0,3.891744131833611e-07,0.0,2.956779570308966e-07,0.0,2.292736610418195e-07,0.0,1.7963080122163315e-07}},{{0.0013227513227513227,0.0006613756613756613,0.00033068783068783067,6.613756613756614e-05,6.613756613756614e-05,2.834467120181406e-05,2.834467120181406e-05,1.5747039556563368e-05,1.5747039556563368e-05,1.0020843354176688e-05,1.0020843354176688e-05,6.9375069375069375e-06,6.9375069375069375e-06,5.087505087505088e-06,5.087505087505088e-06},{0.0006613756613756613,0.005291005291005291,0.00033068783068783067,-6.613756613756614e-05,6.613756613756614e-05,-2.834467120181406e-05,2.834467120181406e-05,-1.5747039556563368e-05,1.5747039556563368e-05,-1.0020843354176688e-05,1.0020843354176688e-05,-6.9375069375069375e-06,6.9375069375069375e-06,-5.087505087505088e-06,5.087505087505088e-06},{0.00033068783068783067,0.00033068783068783067,0.00013227513227513228,0.0,1.889644746787604e-05,0.0,6.298815822625346e-06,0.0,2.8630981011933395e-06,0.0,1.5416658315976745e-06,0.0,9.249992137506683e-07,0.0,5.985310850111656e-07},{6.613756613756614e-05,-6.613756613756614e-05,0.0,1.889644746787604e-05,0.0,6.298815822625346e-06,0.0,2.8630981011933395e-06,0.0,1.5416658315976745e-06,0.0,9.249992137506683e-07,0.0,5.985310850111656e-07,0.0},{6.613756613756614e-05,6.613756613756614e-05,1.889644746787604e-05,0.0,6.298815822625346e-06,0.0,2.8630981011933395e-06,0.0,1.5416658315976745e-06,0.0,9.249992137506683e-07,0.0,5.985310850111656e-07,0.0,4.0951935941343724e-07},{2.834467120181406e-05,-2.834467120181406e-05,0.0,6.298815822625346e-06,0.0,2.8630981011933395e-06,0.0,1.5416658315976745e-06,0.0,9.249992137506683e-07,0.0,5.985310850111656e-07,0.0,4.0951935941343724e-07,0.0},{2.834467120181406e-05,2.834467120181406e-05,6.298815822625346e-06,0.0,2.8630981011933395e-06,0.0,1.5416658315976745e-06,0.0,9.249992137506683e-07,0.0,5.985310850111656e-07,0.0,4.0951935941343724e-07,0.0,2.9251475225024286e-07},{1.5747039556563368e-05,-1.5747039556563368e-05,0.0,2.8630981011933395e-06,0.0,1.5416658315976745e-06,0.0,9.249992137506683e-07,0.0,5.985310850111656e-07,0.0,4.0951935941343724e-07,0.0,2.9251475225024286e-07,0.0},{1.5747039556563368e-05,1.5747039556563368e-05,2.8630981011933395e-06,0.0,1.5416658315976745e-06,0.0,9.249992137506683e-07,0.0,5.985310850111656e-07,0.0,4.0951935941343724e-07,0.0,2.9251475225024286e-07,0.0,2.162077081507279e-07},{1.0020843354176688e-05,-1.0020843354176688e-05,0.0,1.5416658315976745e-06,0.0,9.249992137506683e-07,0.0,5.985310850111656e-07,0.0,4.0951935941343724e-07,0.0,2.9251475225024286e-07,0.0,2.162077081507279e-07,0.0},{1.0020843354176688e-05,1.0020843354176688e-05,1.5416658315976745e-06,0.0,9.249992137506683e-07,0.0,5.985310850111656e-07,0.0,4.0951935941343724e-07,0.0,2.9251475225024286e-07,0.0,2.162077081507279e-07,0.0,1.6426529962894112e-07},{6.9375069375069375e-06,-6.9375069375069375e-06,0.0,9.249992137506683e-07,0.0,5.985310850111656e-07,0.0,4.0951935941343724e-07,0.0,2.9251475225024286e-07,0.0,2.162077081507279e-07,0.0,1.6426529962894112e-07,0.0},{6.9375069375069375e-06,6.9375069375069375e-06,9.249992137506683e-07,0.0,5.985310850111656e-07,0.0,4.0951935941343724e-07,0.0,2.9251475225024286e-07,0.0,2.162077081507279e-07,0.0,1.6426529962894112e-07,0.0,1.2737407766838184e-07},{5.087505087505088e-06,-5.087505087505088e-06,0.0,5.985310850111656e-07,0.0,4.0951935941343724e-07,0.0,2.9251475225024286e-07,0.0,2.162077081507279e-07,0.0,1.6426529962894112e-07,0.0,1.2737407766838184e-07,0.0},{5.087505087505088e-06,5.087505087505088e-06,5.985310850111656e-07,0.0,4.0951935941343724e-07,0.0,2.9251475225024286e-07,0.0,2.162077081507279e-07,0.0,1.6426529962894112e-07,0.0,1.2737407766838184e-07,0.0,9.979474217429591e-08}},{{0.0013227513227513227,0.0006613756613756613,0.00033068783068783067,6.613756613756614e-05,6.613756613756614e-05,2.834467120181406e-05,2.834467120181406e-05,1.5747039556563368e-05,1.5747039556563368e-05,1.0020843354176688e-05,1.0020843354176688e-05,6.9375069375069375e-06,6.9375069375069375e-06,5.087505087505088e-06,5.087505087505088e-06},{0.0006613756613756613,0.005291005291005291,0.00033068783068783067,-6.613756613756614e-05,6.613756613756614e-05,-2.834467120181406e-05,2.834467120181406e-05,-1.5747039556563368e-05,1.5747039556563368e-05,-1.0020843354176688e-05,1.0020843354176688e-05,-6.9375069375069375e-06,6.9375069375069375e-06,-5.087505087505088e-06,5.087505087505088e-06},{0.00033068783068783067,0.00033068783068783067,0.00013227513227513228,0.0,1.889644746787604e-05,0.0,6.298815822625346e-06,0.0,2.8630981011933395e-06,0.0,1.5416658315976745e-06,0.0,9.249992137506683e-07,0.0,5.985310850111656e-07},{6.613756613756614e-05,-6.613756613756614e-05,0.0,1.889644746787604e-05,0.0,6.298815822625346e-06,0.0,2.8630981011933395e-06,0.0,1.5416658315976745e-06,0.0,9.249992137506683e-07,0.0,5.985310850111656e-07,0.0},{6.613756613756614e-05,6.613756613756614e-05,1.889644746787604e-05,0.0,6.298815822625346e-06,0.0,2.8630981011933395e-06,0.0,1.5416658315976745e-06,0.0,9.249992137506683e-07,0.0,5.985310850111656e-07,0.0,4.0951935941343724e-07},{2.834467120181406e-05,-2.834467120181406e-05,0.0,6.298815822625346e-06,0.0,2.8630981011933395e-06,0.0,1.5416658315976745e-06,0.0,9.249992137506683e-07,0.0,5.985310850111656e-07,0.0,4.0951935941343724e-07,0.0},{2.834467120181406e-05,2.834467120181406e-05,6.298815822625346e-06,0.0,2.8630981011933395e-06,0.0,1.5416658315976745e-06,0.0,9.249992137506683e-07,0.0,5.985310850111656e-07,0.0,4.0951935941343724e-07,0.0,2.9251475225024286e-07},{1.5747039556563368e-05,-1.5747039556563368e-05,0.0,2.8630981011933395e-06,0.0,1.5416658315976745e-06,0.0,9.249992137506683e-07,0.0,5.985310850111656e-07,0.0,4.0951935941343724e-07,0.0,2.9251475225024286e-07,0.0},{1.5747039556563368e-05,1.5747039556563368e-05,2.8630981011933395e-06,0.0,1.5416658315976745e-06,0.0,9.249992137506683e-07,0.0,5.985310850111656e-07,0.0,4.0951935941343724e-07,0.0,2.9251475225024286e-07,0.0,2.162077081507279e-07},{1.0020843354176688e-05,-1.0020843354176688e-05,0.0,1.5416658315976745e-06,0.0,9.249992137506683e-07,0.0,5.985310850111656e-07,0.0,4.0951935941343724e-07,0.0,2.9251475225024286e-07,0.0,2.162077081507279e-07,0.0},{1.0020843354176688e-05,1.0020843354176688e-05,1.5416658315976745e-06,0.0,9.249992137506683e-07,0.0,5.985310850111656e-07,0.0,4.0951935941343724e-07,0.0,2.9251475225024286e-07,0.0,2.162077081507279e-07,0.0,1.6426529962894112e-07},{6.9375069375069375e-06,-6.9375069375069375e-06,0.0,9.249992137506683e-07,0.0,5.985310850111656e-07,0.0,4.0951935941343724e-07,0.0,2.9251475225024286e-07,0.0,2.162077081507279e-07,0.0,1.6426529962894112e-07,0.0},{6.9375069375069375e-06,6.9375069375069375e-06,9.249992137506683e-07,0.0,5.985310850111656e-07,0.0,4.0951935941343724e-07,0.0,2.9251475225024286e-07,0.0,2.162077081507279e-07,0.0,1.6426529962894112e-07,0.0,1.2737407766838184e-07},{5.087505087505088e-06,-5.087505087505088e-06,0.0,5.985310850111656e-07,0.0,4.0951935941343724e-07,0.0,2.9251475225024286e-07,0.0,2.162077081507279e-07,0.0,1.6426529962894112e-07,0.0,1.2737407766838184e-07,0.0},{5.087505087505088e-06,5.087505087505088e-06,5.985310850111656e-07,0.0,4.0951935941343724e-07,0.0,2.9251475225024286e-07,0.0,2.162077081507279e-07,0.0,1.6426529962894112e-07,0.0,1.2737407766838184e-07,0.0,9.979474217429591e-08}},{{0.0008417508417508417,0.00042087542087542086,0.00021043771043771043,4.208754208754209e-05,4.208754208754209e-05,1.8037518037518038e-05,1.8037518037518038e-05,1.0020843354176688e-05,1.0020843354176688e-05,6.376900316294256e-06,6.376900316294256e-06,4.414777142049869e-06,4.414777142049869e-06,3.2374927561099583e-06,3.2374927561099583e-06},{0.00042087542087542086,0.003367003367003367,0.00021043771043771043,-4.208754208754209e-05,4.208754208754209e-05,-1.8037518037518038e-05,1.8037518037518038e-05,-1.0020843354176688e-05,1.0020843354176688e-05,-6.376900316294256e-06,6.376900316294256e-06,-4.414777142049869e-06,4.414777142049869e-06,-3.2374927561099583e-06,3.2374927561099583e-06},{0.00021043771043771043,0.00021043771043771043,8.417508417508418e-05,0.0,1.2025012025012024e-05,0.0,4.008337341670675e-06,0.0,1.821971518941216e-06,0.0,9.810596621622947e-07,0.0,5.886359127947668e-07,0.0,3.808834591835763e-07},{4.208754208754209e-05,-4.208754208754209e-05,0.0,1.2025012025012024e-05,0.0,4.008337341670675e-06,0.0,1.821971518941216e-06,0.0,9.810596621622947e-07,0.0,5.886359127947668e-07,0.0,3.808834591835763e-07,0.0},{4.208754208754209e-05,4.208754208754209e-05,1.2025012025012024e-05,0.0,4.008337341670675e-06,0.0,1.821971518941216e-06,0.0,9.810596621622947e-07,0.0,5.886359127947668e-07,0.0,3.808834591835763e-07,0.0,2.606032966317024e-07},{1.8037518037518038e-05,-1.8037518037518038e-05,0.0,4.008337341670675e-06,0.0,1.821971518941216e-06,0.0,9.810596621622947e-07,0.0,5.886359127947668e-07,0.0,3.808834591835763e-07,0.0,2.606032966317024e-07,0.0},{1.8037518037518038e-05,1.8037518037518038e-05,4.008337341670675e-06,0.0,1.821971518941216e-06,0.0,9.810596621622947e-07,0.0,5.886359127947668e-07,0.0,3.808834591835763e-07,0.0,2.606032966317024e-07,0.0,1.8614576628207712e-07},{1.0020843354176688e-05,-1.0020843354176688e-05,0.0,1.821971518941216e-06,0.0,9.810596621622947e-07,0.0,5.886359127947668e-07,0.0,3.808834591835763e-07,0.0,2.606032966317024e-07,0.0,1.8614576628207712e-07,0.0},{1.0020843354176688e-05,1.0020843354176688e-05,1.821971518941216e-06,0.0,9.810596621622947e-07,0.0,5.886359127947668e-07,0.0,3.808834591835763e-07,0.0,2.606032966317024e-07,0.0,1.8614576628207712e-07,0.0,1.37586726072946e-07},{6.376900316294256e-06,-6.376900316294256e-06,0.0,9.810596621622947e-07,0.0,5.886359127947668e-07,0.0,3.808834591835763e-07,0.0,2.606032966317024e-07,0.0,1.8614576628207712e-07,0.0,1.37586726072946e-07,0.0},{6.376900316294256e-06,6.376900316294256e-06,9.810596621622947e-07,0.0,5.886359127947668e-07,0.0,3.808834591835763e-07,0.0,2.606032966317024e-07,0.0,1.8614576628207712e-07,0.0,1.37586726072946e-07,0.0,1.0453247588827778e-07},{4.414777142049869e-06,-4.414777142049869e-06,0.0,5.886359127947668e-07,0.0,3.808834591835763e-07,0.0,2.606032966317024e-07,0.0,1.8614576628207712e-07,0.0,1.37586726072946e-07,0.0,1.0453247588827778e-07,0.0},{4.414777142049869e-06,4.414777142049869e-06,5.886359127947668e-07,0.0,3.808834591835763e-07,0.0,2.606032966317024e-07,0.0,1.8614576628207712e-07,0.0,1.37586726072946e-07,0.0,1.0453247588827778e-07,0.0,8.105623405927837e-08},{3.2374927561099583e-06,-3.2374927561099583e-06,0.0,3.808834591835763e-07,0.0,2.606032966317024e-07,0.0,1.8614576628207712e-07,0.0,1.37586726072946e-07,0.0,1.0453247588827778e-07,0.0,8.105623405927837e-08,0.0},{3.2374927561099583e-06,3.2374927561099583e-06,3.808834591835763e-07,0.0,2.606032966317024e-07,0.0,1.8614576628207712e-07,0.0,1.37586726072946e-07,0.0,1.0453247588827778e-07,0.0,8.105623405927837e-08,0.0,6.350574444386654e-08}},{{0.0008417508417508417,0.00042087542087542086,0.00021043771043771043,4.208754208754209e-05,4.208754208754209e-05,1.8037518037518038e-05,1.8037518037518038e-05,1.0020843354176688e-05,1.0020843354176688e-05,6.376900316294256e-06,6.376900316294256e-06,4.414777142049869e-06,4.414777142049869e-06,3.2374927561099583e-06,3.2374927561099583e-06},{0.00042087542087542086,0.003367003367003367,0.00021043771043771043,-4.208754208754209e-05,4.208754208754209e-05,-1.8037518037518038e-05,1.8037518037518038e-05,-1.0020843354176688e-05,1.0020843354176688e-05,-6.376900316294256e-06,6.376900316294256e-06,-4.414777142049869e-06,4.414777142049869e-06,-3.2374927561099583e-06,3.2374927561099583e-06},{0.00021043771043771043,0.00021043771043771043,8.417508417508418e-05,0.0,1.2025012025012024e-05,0.0,4.008337341670675e-06,0.0,1.821971518941216e-06,0.0,9.810596621622947e-07,0.0,5.886359127947668e-07,0.0,3.808834591835763e-07},{4.208754208754209e-05,-4.208754208754209e-05,0.0,1.2025012025012024e-05,0.0,4.008337341670675e-06,0.0,1.821971518941216e-06,0.0,9.810596621622947e-07,0.0,5.886359127947668e-07,0.0,3.808834591835763e-07,0.0},{4.208754208754209e-05,4.208754208754209e-05,1.2025012025012024e-05,0.0,4.008337341670675e-06,0.0,1.821971518941216e-06,0.0,9.810596621622947e-07,0.0,5.886359127947668e-07,0.0,3.808834591835763e-07,0.0,2.606032966317024e-07},{1.8037518037518038e-05,-1.8037518037518038e-05,0.0,4.008337341670675e-06,0.0,1.821971518941216e-06,0.0,9.810596621622947e-07,0.0,5.886359127947668e-07,0.0,3.808834591835763e-07,0.0,2.606032966317024e-07,0.0},{1.8037518037518038e-05,1.8037518037518038e-05,4.008337341670675e-06,0.0,1.821971518941216e-06,0.0,9.810596621622947e-07,0.0,5.886359127947668e-07,0.0,3.808834591835763e-07,0.0,2.606032966317024e-07,0.0,1.8614576628207712e-07},{1.0020843354176688e-05,-1.0020843354176688e-05,0.0,1.821971518941216e-06,0.0,9.810596621622947e-07,0.0,5.886359127947668e-07,0.0,3.808834591835763e-07,0.0,2.606032966317024e-07,0.0,1.8614576628207712e-07,0.0},{1.0020843354176688e-05,1.0020843354176688e-05,1.821971518941216e-06,0.0,9.810596621622947e-07,0.0,5.886359127947668e-07,0.0,3.808834591835763e-07,0.0,2.606032966317024e-07,0.0,1.8614576628207712e-07,0.0,1.37586726072946e-07},{6.376900316294256e-06,-6.376900316294256e-06,0.0,9.810596621622947e-07,0.0,5.886359127947668e-07,0.0,3.808834591835763e-07,0.0,2.606032966317024e-07,0.0,1.8614576628207712e-07,0.0,1.37586726072946e-07,0.0},{6.376900316294256e-06,6.376900316294256e-06,9.810596621622947e-07,0.0,5.886359127947668e-07,0.0,3.808834591835763e-07,0.0,2.606032966317024e-07,0.0,1.8614576628207712e-07,0.0,1.37586726072946e-07,0.0,1.0453247588827778e-07},{4.414777142049869e-06,-4.414777142049869e-06,0.0,5.886359127947668e-07,0.0,3.808834591835763e-07,0.0,2.606032966317024e-07,0.0,1.8614576628207712e-07,0.0,1.37586726072946e-07,0.0,1.0453247588827778e-07,0.0},{4.414777142049869e-06,4.414777142049869e-06,5.886359127947668e-07,0.0,3.808834591835763e-07,0.0,2.606032966317024e-07,0.0,1.8614576628207712e-07,0.0,1.37586726072946e-07,0.0,1.0453247588827778e-07,0.0,8.105623405927837e-08},{3.2374927561099583e-06,-3.2374927561099583e-06,0.0,3.808834591835763e-07,0.0,2.606032966317024e-07,0.0,1.8614576628207712e-07,0.0,1.37586726072946e-07,0.0,1.0453247588827778e-07,0.0,8.105623405927837e-08,0.0},{3.2374927561099583e-06,3.2374927561099583e-06,3.808834591835763e-07,0.0,2.606032966317024e-07,0.0,1.8614576628207712e-07,0.0,1.37586726072946e-07,0.0,1.0453247588827778e-07,0.0,8.105623405927837e-08,0.0,6.350574444386654e-08}},{{0.0005827505827505828,0.0002913752913752914,0.0001456876456876457,2.9137529137529138e-05,2.9137529137529138e-05,1.2487512487512488e-05,1.2487512487512488e-05,6.9375069375069375e-06,6.9375069375069375e-06,4.414777142049869e-06,4.414777142049869e-06,3.0563748338096184e-06,3.0563748338096184e-06,2.2413433715631803e-06,2.2413433715631803e-06},{0.0002913752913752914,0.002331002331002331,0.0001456876456876457,-2.9137529137529138e-05,2.9137529137529138e-05,-1.2487512487512488e-05,1.2487512487512488e-05,-6.9375069375069375e-06,6.9375069375069375e-06,-4.414777142049869e-06,4.414777142049869e-06,-3.0563748338096184e-06,3.0563748338096184e-06,-2.2413433715631803e-06,2.2413433715631803e-06},{0.0001456876456876457,0.0001456876456876457,5.8275058275058275e-05,0.0,8.325008325008325e-06,0.0,2.774995074383743e-06,0.0,1.261364897728534e-06,0.0,6.791950994715183e-07,0.0,4.0751705968291095e-07,0.0,2.636885332140758e-07},{2.9137529137529138e-05,-2.9137529137529138e-05,0.0,8.325008325008325e-06,0.0,2.774995074383743e-06,0.0,1.261364897728534e-06,0.0,6.791950994715183e-07,0.0,4.0751705968291095e-07,0.0,2.636885332140758e-07,0.0},{2.9137529137529138e-05,2.91375