#include "PbiHelper.hpp"
#include <cassert>
#include <lapacke.h>

const double integralOf2DTestFunctionsMultipliedOnZeroOneRange[15][15][15][15]
{{{{0.11111088888899999,0.055555611111,0.0277777388889,0.0055555611110999995,0.0055555611110999995,0.00238095095238,0.00238095095238,0.0013227486772500001,0.0013227486772500001,0.00084174915825,0.00084174915825,0.00058274941725,0.00058274941725,0.00042734957265,0.00042734957265},{0.055555611111,0.44444288888999994,0.0277777388889,-0.0055555611110999995,0.0055555611110999995,-0.00238095095238,0.00238095095238,-0.0013227486772500001,0.0013227486772500001,-0.00084174915825,0.00084174915825,-0.00058274941725,0.00058274941725,-0.00042734957265,0.00042734957265},{0.0277777388889,0.0277777388889,0.0111110888889,0.0,0.0015872984127,0.0,0.0005290994709,0.0,0.000240500092833,0.0,0.0001294998705,0.0,7.769992229999999e-05,0.0,5.027661638999999e-05},{0.0055555611110999995,-0.0055555611110999995,0.0,0.0015872984127,0.0,0.0005290994709,0.0,0.000240500092833,0.0,0.0001294998705,0.0,7.769992229999999e-05,0.0,5.027661638999999e-05,0.0},{0.0055555611110999995,0.0055555611110999995,0.0015872984127,0.0,0.0005290994709,0.0,0.000240500092833,0.0,0.0001294998705,0.0,7.769992229999999e-05,0.0,5.027661638999999e-05,0.0,3.4399632267e-05},{0.00238095095238,-0.00238095095238,0.0,0.0005290994709,0.0,0.000240500092833,0.0,0.0001294998705,0.0,7.769992229999999e-05,0.0,5.027661638999999e-05,0.0,3.4399632267e-05,0.0},{0.00238095095238,0.00238095095238,0.0005290994709,0.0,0.000240500092833,0.0,0.0001294998705,0.0,7.769992229999999e-05,0.0,5.027661638999999e-05,0.0,3.4399632267e-05,0.0,2.45712420954e-05},{0.0013227486772500001,-0.0013227486772500001,0.0,0.000240500092833,0.0,0.0001294998705,0.0,7.769992229999999e-05,0.0,5.027661638999999e-05,0.0,3.4399632267e-05,0.0,2.45712420954e-05,0.0},{0.0013227486772500001,0.0013227486772500001,0.000240500092833,0.0,0.0001294998705,0.0,7.769992229999999e-05,0.0,5.027661638999999e-05,0.0,3.4399632267e-05,0.0,2.45712420954e-05,0.0,1.81614485052e-05},{0.00084174915825,-0.00084174915825,0.0,0.0001294998705,0.0,7.769992229999999e-05,0.0,5.027661638999999e-05,0.0,3.4399632267e-05,0.0,2.45712420954e-05,0.0,1.81614485052e-05,0.0},{0.00084174915825,0.00084174915825,0.0001294998705,0.0,7.769992229999999e-05,0.0,5.027661638999999e-05,0.0,3.4399632267e-05,0.0,2.45712420954e-05,0.0,1.81614485052e-05,0.0,1.37982862017e-05},{0.00058274941725,-0.00058274941725,0.0,7.769992229999999e-05,0.0,5.027661638999999e-05,0.0,3.4399632267e-05,0.0,2.45712420954e-05,0.0,1.81614485052e-05,0.0,1.37982862017e-05,0.0},{0.00058274941725,0.00058274941725,7.769992229999999e-05,0.0,5.027661638999999e-05,0.0,3.4399632267e-05,0.0,2.45712420954e-05,0.0,1.81614485052e-05,0.0,1.37982862017e-05,0.0,1.06994226339e-05},{0.00042734957265,-0.00042734957265,0.0,5.027661638999999e-05,0.0,3.4399632267e-05,0.0,2.45712420954e-05,0.0,1.81614485052e-05,0.0,1.37982862017e-05,0.0,1.06994226339e-05,0.0},{0.00042734957265,0.00042734957265,5.027661638999999e-05,0.0,3.4399632267e-05,0.0,2.45712420954e-05,0.0,1.81614485052e-05,0.0,1.37982862017e-05,0.0,1.06994226339e-05,0.0,8.3827582839e-06}},{{0.055555611111,0.027777888889000003,0.013888911111100001,0.0027777888889000003,0.0027777888889000003,0.00119047904762,0.00119047904762,0.0006613763227500001,0.0006613763227500001,0.00042087584175,0.00042087584175,0.00029137558275,0.00029137558275,0.00021367542735000004,0.00021367542735000004},{0.027777888889000003,0.22222211111,0.013888911111100001,-0.0027777888889000003,0.0027777888889000003,-0.00119047904762,0.00119047904762,-0.0006613763227500001,0.0006613763227500001,-0.00042087584175,0.00042087584175,-0.00029137558275,0.00029137558275,-0.00021367542735000004,0.00021367542735000004},{0.013888911111100001,0.013888911111100001,0.005555561111100001,0.0,0.0007936515873000001,0.0,0.00026455052910000004,0.0,0.00012025040716700001,0.0,6.47501295e-05,0.0,3.88500777e-05,0.0,2.513838361e-05},{0.0027777888889000003,-0.0027777888889000003,0.0,0.0007936515873000001,0.0,0.00026455052910000004,0.0,0.00012025040716700001,0.0,6.47501295e-05,0.0,3.88500777e-05,0.0,2.513838361e-05,0.0},{0.0027777888889000003,0.0027777888889000003,0.0007936515873000001,0.0,0.00026455052910000004,0.0,0.00012025040716700001,0.0,6.47501295e-05,0.0,3.88500777e-05,0.0,2.513838361e-05,0.0,1.7199867733e-05},{0.00119047904762,-0.00119047904762,0.0,0.00026455052910000004,0.0,0.00012025040716700001,0.0,6.47501295e-05,0.0,3.88500777e-05,0.0,2.513838361e-05,0.0,1.7199867733e-05,0.0},{0.00119047904762,0.00119047904762,0.00026455052910000004,0.0,0.00012025040716700001,0.0,6.47501295e-05,0.0,3.88500777e-05,0.0,2.513838361e-05,0.0,1.7199867733e-05,0.0,1.2285657904600002e-05},{0.0006613763227500001,-0.0006613763227500001,0.0,0.00012025040716700001,0.0,6.47501295e-05,0.0,3.88500777e-05,0.0,2.513838361e-05,0.0,1.7199867733e-05,0.0,1.2285657904600002e-05,0.0},{0.0006613763227500001,0.0006613763227500001,0.00012025040716700001,0.0,6.47501295e-05,0.0,3.88500777e-05,0.0,2.513838361e-05,0.0,1.7199867733e-05,0.0,1.2285657904600002e-05,0.0,9.0807514948e-06},{0.00042087584175,-0.00042087584175,0.0,6.47501295e-05,0.0,3.88500777e-05,0.0,2.513838361e-05,0.0,1.7199867733e-05,0.0,1.2285657904600002e-05,0.0,9.0807514948e-06,0.0},{0.00042087584175,0.00042087584175,6.47501295e-05,0.0,3.88500777e-05,0.0,2.513838361e-05,0.0,1.7199867733e-05,0.0,1.2285657904600002e-05,0.0,9.0807514948e-06,0.0,6.8991637983000006e-06},{0.00029137558275,-0.00029137558275,0.0,3.88500777e-05,0.0,2.513838361e-05,0.0,1.7199867733e-05,0.0,1.2285657904600002e-05,0.0,9.0807514948e-06,0.0,6.8991637983000006e-06,0.0},{0.00029137558275,0.00029137558275,3.88500777e-05,0.0,2.513838361e-05,0.0,1.7199867733e-05,0.0,1.2285657904600002e-05,0.0,9.0807514948e-06,0.0,6.8991637983000006e-06,0.0,5.3497273661e-06},{0.00021367542735000004,-0.00021367542735000004,0.0,2.513838361e-05,0.0,1.7199867733e-05,0.0,1.2285657904600002e-05,0.0,9.0807514948e-06,0.0,6.8991637983000006e-06,0.0,5.3497273661e-06,0.0},{0.00021367542735000004,0.00021367542735000004,2.513838361e-05,0.0,1.7199867733e-05,0.0,1.2285657904600002e-05,0.0,9.0807514948e-06,0.0,6.8991637983000006e-06,0.0,5.3497273661e-06,0.0,4.1913917161e-06}},{{0.0277777388889,0.013888911111100001,0.00694443888889,0.0013888911111099998,0.0013888911111099998,0.000595238095238,0.000595238095238,0.00033068736772500005,0.00033068736772500005,0.000210437415825,0.000210437415825,0.000145687441725,0.000145687441725,0.000106837457265,0.000106837457265},{0.013888911111100001,0.11111078888899999,0.00694443888889,-0.0013888911111099998,0.0013888911111099998,-0.000595238095238,0.000595238095238,-0.00033068736772500005,0.00033068736772500005,-0.000210437415825,0.000210437415825,-0.000145687441725,0.000145687441725,-0.000106837457265,0.000106837457265},{0.00694443888889,0.00694443888889,0.00277777388889,0.0,0.00039682484127,0.0,0.00013227494709,0.0,6.01250592833e-05,0.0,3.237498705e-05,0.0,1.942499223e-05,0.0,1.2569161638999998e-05},{0.0013888911111099998,-0.0013888911111099998,0.0,0.00039682484127,0.0,0.00013227494709,0.0,6.01250592833e-05,0.0,3.237498705e-05,0.0,1.942499223e-05,0.0,1.2569161638999998e-05,0.0},{0.0013888911111099998,0.0013888911111099998,0.00039682484127,0.0,0.00013227494709,0.0,6.01250592833e-05,0.0,3.237498705e-05,0.0,1.942499223e-05,0.0,1.2569161638999998e-05,0.0,8.5999132267e-06},{0.000595238095238,-0.000595238095238,0.0,0.00013227494709,0.0,6.01250592833e-05,0.0,3.237498705e-05,0.0,1.942499223e-05,0.0,1.2569161638999998e-05,0.0,8.5999132267e-06,0.0},{0.000595238095238,0.000595238095238,0.00013227494709,0.0,6.01250592833e-05,0.0,3.237498705e-05,0.0,1.942499223e-05,0.0,1.2569161638999998e-05,0.0,8.5999132267e-06,0.0,6.1428142095400005e-06},{0.00033068736772500005,-0.00033068736772500005,0.0,6.01250592833e-05,0.0,3.237498705e-05,0.0,1.942499223e-05,0.0,1.2569161638999998e-05,0.0,8.5999132267e-06,0.0,6.1428142095400005e-06,0.0},{0.00033068736772500005,0.00033068736772500005,6.01250592833e-05,0.0,3.237498705e-05,0.0,1.942499223e-05,0.0,1.2569161638999998e-05,0.0,8.5999132267e-06,0.0,6.1428142095400005e-06,0.0,4.54036485052e-06},{0.000210437415825,-0.000210437415825,0.0,3.237498705e-05,0.0,1.942499223e-05,0.0,1.2569161638999998e-05,0.0,8.5999132267e-06,0.0,6.1428142095400005e-06,0.0,4.54036485052e-06,0.0},{0.000210437415825,0.000210437415825,3.237498705e-05,0.0,1.942499223e-05,0.0,1.2569161638999998e-05,0.0,8.5999132267e-06,0.0,6.1428142095400005e-06,0.0,4.54036485052e-06,0.0,3.44957362017e-06},{0.000145687441725,-0.000145687441725,0.0,1.942499223e-05,0.0,1.2569161638999998e-05,0.0,8.5999132267e-06,0.0,6.1428142095400005e-06,0.0,4.54036485052e-06,0.0,3.44957362017e-06,0.0},{0.000145687441725,0.000145687441725,1.942499223e-05,0.0,1.2569161638999998e-05,0.0,8.5999132267e-06,0.0,6.1428142095400005e-06,0.0,4.54036485052e-06,0.0,3.44957362017e-06,0.0,2.67485726339e-06},{0.000106837457265,-0.000106837457265,0.0,1.2569161638999998e-05,0.0,8.5999132267e-06,0.0,6.1428142095400005e-06,0.0,4.54036485052e-06,0.0,3.44957362017e-06,0.0,2.67485726339e-06,0.0},{0.000106837457265,0.000106837457265,1.2569161638999998e-05,0.0,8.5999132267e-06,0.0,6.1428142095400005e-06,0.0,4.54036485052e-06,0.0,3.44957362017e-06,0.0,2.67485726339e-06,0.0,2.09569082839e-06}},{{0.0055555611110999995,0.0027777888889000003,0.0013888911111099998,0.00027777888888999997,0.00027777888888999997,0.000119047904762,0.000119047904762,6.613763227500001e-05,6.613763227500001e-05,4.2087584175e-05,4.2087584175e-05,2.9137558275e-05,2.9137558275e-05,2.1367542735000002e-05,2.1367542735000002e-05},{0.0027777888889000003,0.022222211111,0.0013888911111099998,-0.00027777888888999997,0.00027777888888999997,-0.000119047904762,0.000119047904762,-6.613763227500001e-05,6.613763227500001e-05,-4.2087584175e-05,4.2087584175e-05,-2.9137558275e-05,2.9137558275e-05,-2.1367542735000002e-05,2.1367542735000002e-05},{0.0013888911111099998,0.0013888911111099998,0.00055555611111,0.0,7.936515873e-05,0.0,2.645505291e-05,0.0,1.20250407167e-05,0.0,6.47501295e-06,0.0,3.88500777e-06,0.0,2.5138383609999997e-06},{0.00027777888888999997,-0.00027777888888999997,0.0,7.936515873e-05,0.0,2.645505291e-05,0.0,1.20250407167e-05,0.0,6.47501295e-06,0.0,3.88500777e-06,0.0,2.5138383609999997e-06,0.0},{0.00027777888888999997,0.00027777888888999997,7.936515873e-05,0.0,2.645505291e-05,0.0,1.20250407167e-05,0.0,6.47501295e-06,0.0,3.88500777e-06,0.0,2.5138383609999997e-06,0.0,1.7199867733e-06},{0.000119047904762,-0.000119047904762,0.0,2.645505291e-05,0.0,1.20250407167e-05,0.0,6.47501295e-06,0.0,3.88500777e-06,0.0,2.5138383609999997e-06,0.0,1.7199867733e-06,0.0},{0.000119047904762,0.000119047904762,2.645505291e-05,0.0,1.20250407167e-05,0.0,6.47501295e-06,0.0,3.88500777e-06,0.0,2.5138383609999997e-06,0.0,1.7199867733e-06,0.0,1.22856579046e-06},{6.613763227500001e-05,-6.613763227500001e-05,0.0,1.20250407167e-05,0.0,6.47501295e-06,0.0,3.88500777e-06,0.0,2.5138383609999997e-06,0.0,1.7199867733e-06,0.0,1.22856579046e-06,0.0},{6.613763227500001e-05,6.613763227500001e-05,1.20250407167e-05,0.0,6.47501295e-06,0.0,3.88500777e-06,0.0,2.5138383609999997e-06,0.0,1.7199867733e-06,0.0,1.22856579046e-06,0.0,9.0807514948e-07},{4.2087584175e-05,-4.2087584175e-05,0.0,6.47501295e-06,0.0,3.88500777e-06,0.0,2.5138383609999997e-06,0.0,1.7199867733e-06,0.0,1.22856579046e-06,0.0,9.0807514948e-07,0.0},{4.2087584175e-05,4.2087584175e-05,6.47501295e-06,0.0,3.88500777e-06,0.0,2.5138383609999997e-06,0.0,1.7199867733e-06,0.0,1.22856579046e-06,0.0,9.0807514948e-07,0.0,6.899163798299999e-07},{2.9137558275e-05,-2.9137558275e-05,0.0,3.88500777e-06,0.0,2.5138383609999997e-06,0.0,1.7199867733e-06,0.0,1.22856579046e-06,0.0,9.0807514948e-07,0.0,6.899163798299999e-07,0.0},{2.9137558275e-05,2.9137558275e-05,3.88500777e-06,0.0,2.5138383609999997e-06,0.0,1.7199867733e-06,0.0,1.22856579046e-06,0.0,9.0807514948e-07,0.0,6.899163798299999e-07,0.0,5.349727366099999e-07},{2.1367542735000002e-05,-2.1367542735000002e-05,0.0,2.5138383609999997e-06,0.0,1.7199867733e-06,0.0,1.22856579046e-06,0.0,9.0807514948e-07,0.0,6.899163798299999e-07,0.0,5.349727366099999e-07,0.0},{2.1367542735000002e-05,2.1367542735000002e-05,2.5138383609999997e-06,0.0,1.7199867733e-06,0.0,1.22856579046e-06,0.0,9.0807514948e-07,0.0,6.899163798299999e-07,0.0,5.349727366099999e-07,0.0,4.1913917161000003e-07}},{{0.0055555611110999995,0.0027777888889000003,0.0013888911111099998,0.00027777888888999997,0.00027777888888999997,0.000119047904762,0.000119047904762,6.613763227500001e-05,6.613763227500001e-05,4.2087584175e-05,4.2087584175e-05,2.9137558275e-05,2.9137558275e-05,2.1367542735000002e-05,2.1367542735000002e-05},{0.0027777888889000003,0.022222211111,0.0013888911111099998,-0.00027777888888999997,0.00027777888888999997,-0.000119047904762,0.000119047904762,-6.613763227500001e-05,6.613763227500001e-05,-4.2087584175e-05,4.2087584175e-05,-2.9137558275e-05,2.9137558275e-05,-2.1367542735000002e-05,2.1367542735000002e-05},{0.0013888911111099998,0.0013888911111099998,0.00055555611111,0.0,7.936515873e-05,0.0,2.645505291e-05,0.0,1.20250407167e-05,0.0,6.47501295e-06,0.0,3.88500777e-06,0.0,2.5138383609999997e-06},{0.00027777888888999997,-0.00027777888888999997,0.0,7.936515873e-05,0.0,2.645505291e-05,0.0,1.20250407167e-05,0.0,6.47501295e-06,0.0,3.88500777e-06,0.0,2.5138383609999997e-06,0.0},{0.00027777888888999997,0.00027777888888999997,7.936515873e-05,0.0,2.645505291e-05,0.0,1.20250407167e-05,0.0,6.47501295e-06,0.0,3.88500777e-06,0.0,2.5138383609999997e-06,0.0,1.7199867733e-06},{0.000119047904762,-0.000119047904762,0.0,2.645505291e-05,0.0,1.20250407167e-05,0.0,6.47501295e-06,0.0,3.88500777e-06,0.0,2.5138383609999997e-06,0.0,1.7199867733e-06,0.0},{0.000119047904762,0.000119047904762,2.645505291e-05,0.0,1.20250407167e-05,0.0,6.47501295e-06,0.0,3.88500777e-06,0.0,2.5138383609999997e-06,0.0,1.7199867733e-06,0.0,1.22856579046e-06},{6.613763227500001e-05,-6.613763227500001e-05,0.0,1.20250407167e-05,0.0,6.47501295e-06,0.0,3.88500777e-06,0.0,2.5138383609999997e-06,0.0,1.7199867733e-06,0.0,1.22856579046e-06,0.0},{6.613763227500001e-05,6.613763227500001e-05,1.20250407167e-05,0.0,6.47501295e-06,0.0,3.88500777e-06,0.0,2.5138383609999997e-06,0.0,1.7199867733e-06,0.0,1.22856579046e-06,0.0,9.0807514948e-07},{4.2087584175e-05,-4.2087584175e-05,0.0,6.47501295e-06,0.0,3.88500777e-06,0.0,2.5138383609999997e-06,0.0,1.7199867733e-06,0.0,1.22856579046e-06,0.0,9.0807514948e-07,0.0},{4.2087584175e-05,4.2087584175e-05,6.47501295e-06,0.0,3.88500777e-06,0.0,2.5138383609999997e-06,0.0,1.7199867733e-06,0.0,1.22856579046e-06,0.0,9.0807514948e-07,0.0,6.899163798299999e-07},{2.9137558275e-05,-2.9137558275e-05,0.0,3.88500777e-06,0.0,2.5138383609999997e-06,0.0,1.7199867733e-06,0.0,1.22856579046e-06,0.0,9.0807514948e-07,0.0,6.899163798299999e-07,0.0},{2.9137558275e-05,2.9137558275e-05,3.88500777e-06,0.0,2.5138383609999997e-06,0.0,1.7199867733e-06,0.0,1.22856579046e-06,0.0,9.0807514948e-07,0.0,6.899163798299999e-07,0.0,5.349727366099999e-07},{2.1367542735000002e-05,-2.1367542735000002e-05,0.0,2.5138383609999997e-06,0.0,1.7199867733e-06,0.0,1.22856579046e-06,0.0,9.0807514948e-07,0.0,6.899163798299999e-07,0.0,5.349727366099999e-07,0.0},{2.1367542735000002e-05,2.1367542735000002e-05,2.5138383609999997e-06,0.0,1.7199867733e-06,0.0,1.22856579046e-06,0.0,9.0807514948e-07,0.0,6.899163798299999e-07,0.0,5.349727366099999e-07,0.0,4.1913917161000003e-07}},{{0.00238095095238,0.00119047904762,0.000595238095238,0.000119047904762,0.000119047904762,5.10204489796e-05,5.10204489796e-05,2.8344654195000002e-05,2.8344654195000002e-05,1.8037507215000002e-05,1.8037507215000002e-05,1.2487504995e-05,1.2487504995e-05,9.157503663000001e-06,9.157503663000001e-06},{0.00119047904762,0.0095237895238,0.000595238095238,-0.000119047904762,0.000119047904762,-5.10204489796e-05,5.10204489796e-05,-2.8344654195000002e-05,2.8344654195000002e-05,-1.8037507215000002e-05,1.8037507215000002e-05,-1.2487504995e-05,1.2487504995e-05,-9.157503663000001e-06,9.157503663000001e-06},{0.000595238095238,0.000595238095238,0.000238095095238,0.0,3.4013585034000006e-05,0.0,1.1337861678e-05,0.0,5.15358063286e-06,0.0,2.77500111e-06,0.0,1.665000666e-06,0.0,1.0773575738e-06},{0.000119047904762,-0.000119047904762,0.0,3.4013585034000006e-05,0.0,1.1337861678e-05,0.0,5.15358063286e-06,0.0,2.77500111e-06,0.0,1.665000666e-06,0.0,1.0773575738e-06,0.0},{0.000119047904762,0.000119047904762,3.4013585034000006e-05,0.0,1.1337861678e-05,0.0,5.15358063286e-06,0.0,2.77500111e-06,0.0,1.665000666e-06,0.0,1.0773575738e-06,0.0,7.3713600914e-07},{5.10204489796e-05,-5.10204489796e-05,0.0,1.1337861678e-05,0.0,5.15358063286e-06,0.0,2.77500111e-06,0.0,1.665000666e-06,0.0,1.0773575738e-06,0.0,7.3713600914e-07,0.0},{5.10204489796e-05,5.10204489796e-05,1.1337861678e-05,0.0,5.15358063286e-06,0.0,2.77500111e-06,0.0,1.665000666e-06,0.0,1.0773575738e-06,0.0,7.3713600914e-07,0.0,5.265273534680001e-07},{2.8344654195000002e-05,-2.8344654195000002e-05,0.0,5.15358063286e-06,0.0,2.77500111e-06,0.0,1.665000666e-06,0.0,1.0773575738e-06,0.0,7.3713600914e-07,0.0,5.265273534680001e-07,0.0},{2.8344654195000002e-05,2.8344654195000002e-05,5.15358063286e-06,0.0,2.77500111e-06,0.0,1.665000666e-06,0.0,1.0773575738e-06,0.0,7.3713600914e-07,0.0,5.265273534680001e-07,0.0,3.89174441384e-07},{1.8037507215000002e-05,-1.8037507215000002e-05,0.0,2.77500111e-06,0.0,1.665000666e-06,0.0,1.0773575738e-06,0.0,7.3713600914e-07,0.0,5.265273534680001e-07,0.0,3.89174441384e-07,0.0},{1.8037507215000002e-05,1.8037507215000002e-05,2.77500111e-06,0.0,1.665000666e-06,0.0,1.0773575738e-06,0.0,7.3713600914e-07,0.0,5.265273534680001e-07,0.0,3.89174441384e-07,0.0,2.95677975414e-07},{1.2487504995e-05,-1.2487504995e-05,0.0,1.665000666e-06,0.0,1.0773575738e-06,0.0,7.3713600914e-07,0.0,5.265273534680001e-07,0.0,3.89174441384e-07,0.0,2.95677975414e-07,0.0},{1.2487504995e-05,1.2487504995e-05,1.665000666e-06,0.0,1.0773575738e-06,0.0,7.3713600914e-07,0.0,5.265273534680001e-07,0.0,3.89174441384e-07,0.0,2.95677975414e-07,0.0,2.2927366313799997e-07},{9.157503663000001e-06,-9.157503663000001e-06,0.0,1.0773575738e-06,0.0,7.3713600914e-07,0.0,5.265273534680001e-07,0.0,3.89174441384e-07,0.0,2.95677975414e-07,0.0,2.2927366313799997e-07,0.0},{9.157503663000001e-06,9.157503663000001e-06,1.0773575738e-06,0.0,7.3713600914e-07,0.0,5.265273534680001e-07,0.0,3.89174441384e-07,0.0,2.95677975414e-07,0.0,2.2927366313799997e-07,0.0,1.79630786138e-07}},{{0.00238095095238,0.00119047904762,0.000595238095238,0.000119047904762,0.000119047904762,5.10204489796e-05,5.10204489796e-05,2.8344654195000002e-05,2.8344654195000002e-05,1.8037507215000002e-05,1.8037507215000002e-05,1.2487504995e-05,1.2487504995e-05,9.157503663000001e-06,9.157503663000001e-06},{0.00119047904762,0.0095237895238,0.000595238095238,-0.000119047904762,0.000119047904762,-5.10204489796e-05,5.10204489796e-05,-2.8344654195000002e-05,2.8344654195000002e-05,-1.8037507215000002e-05,1.8037507215000002e-05,-1.2487504995e-05,1.2487504995e-05,-9.157503663000001e-06,9.157503663000001e-06},{0.000595238095238,0.000595238095238,0.000238095095238,0.0,3.4013585034000006e-05,0.0,1.1337861678e-05,0.0,5.15358063286e-06,0.0,2.77500111e-06,0.0,1.665000666e-06,0.0,1.0773575738e-06},{0.000119047904762,-0.000119047904762,0.0,3.4013585034000006e-05,0.0,1.1337861678e-05,0.0,5.15358063286e-06,0.0,2.77500111e-06,0.0,1.665000666e-06,0.0,1.0773575738e-06,0.0},{0.000119047904762,0.000119047904762,3.4013585034000006e-05,0.0,1.1337861678e-05,0.0,5.15358063286e-06,0.0,2.77500111e-06,0.0,1.665000666e-06,0.0,1.0773575738e-06,0.0,7.3713600914e-07},{5.10204489796e-05,-5.10204489796e-05,0.0,1.1337861678e-05,0.0,5.15358063286e-06,0.0,2.77500111e-06,0.0,1.665000666e-06,0.0,1.0773575738e-06,0.0,7.3713600914e-07,0.0},{5.10204489796e-05,5.10204489796e-05,1.1337861678e-05,0.0,5.15358063286e-06,0.0,2.77500111e-06,0.0,1.665000666e-06,0.0,1.0773575738e-06,0.0,7.3713600914e-07,0.0,5.265273534680001e-07},{2.8344654195000002e-05,-2.8344654195000002e-05,0.0,5.15358063286e-06,0.0,2.77500111e-06,0.0,1.665000666e-06,0.0,1.0773575738e-06,0.0,7.3713600914e-07,0.0,5.265273534680001e-07,0.0},{2.8344654195000002e-05,2.8344654195000002e-05,5.15358063286e-06,0.0,2.77500111e-06,0.0,1.665000666e-06,0.0,1.0773575738e-06,0.0,7.3713600914e-07,0.0,5.265273534680001e-07,0.0,3.89174441384e-07},{1.8037507215000002e-05,-1.8037507215000002e-05,0.0,2.77500111e-06,0.0,1.665000666e-06,0.0,1.0773575738e-06,0.0,7.3713600914e-07,0.0,5.265273534680001e-07,0.0,3.89174441384e-07,0.0},{1.8037507215000002e-05,1.8037507215000002e-05,2.77500111e-06,0.0,1.665000666e-06,0.0,1.0773575738e-06,0.0,7.3713600914e-07,0.0,5.265273534680001e-07,0.0,3.89174441384e-07,0.0,2.95677975414e-07},{1.2487504995e-05,-1.2487504995e-05,0.0,1.665000666e-06,0.0,1.0773575738e-06,0.0,7.3713600914e-07,0.0,5.265273534680001e-07,0.0,3.89174441384e-07,0.0,2.95677975414e-07,0.0},{1.2487504995e-05,1.2487504995e-05,1.665000666e-06,0.0,1.0773575738e-06,0.0,7.3713600914e-07,0.0,5.265273534680001e-07,0.0,3.89174441384e-07,0.0,2.95677975414e-07,0.0,2.2927366313799997e-07},{9.157503663000001e-06,-9.157503663000001e-06,0.0,1.0773575738e-06,0.0,7.3713600914e-07,0.0,5.265273534680001e-07,0.0,3.89174441384e-07,0.0,2.95677975414e-07,0.0,2.2927366313799997e-07,0.0},{9.157503663000001e-06,9.157503663000001e-06,1.0773575738e-06,0.0,7.3713600914e-07,0.0,5.265273534680001e-07,0.0,3.89174441384e-07,0.0,2.95677975414e-07,0.0,2.2927366313799997e-07,0.0,1.79630786138e-07}},{{0.0013227486772500001,0.0006613763227500001,0.00033068736772500005,6.613763227500001e-05,6.613763227500001e-05,2.8344654195000002e-05,2.8344654195000002e-05,1.5747008062500002e-05,1.5747008062500002e-05,1.0020823312500002e-05,1.0020823312500002e-05,6.937493062500001e-06,6.937493062500001e-06,5.087494912500001e-06,5.087494912500001e-06},{0.0006613763227500001,0.0052909867725,0.00033068736772500005,-6.613763227500001e-05,6.613763227500001e-05,-2.8344654195000002e-05,2.8344654195000002e-05,-1.5747008062500002e-05,1.5747008062500002e-05,-1.0020823312500002e-05,1.0020823312500002e-05,-6.937493062500001e-06,6.937493062500001e-06,-5.087494912500001e-06,5.087494912500001e-06},{0.00033068736772500005,0.00033068736772500005,0.00013227486772500002,0.0,1.8896409675000002e-05,0.0,6.298803225000001e-06,0.0,2.8630963432500006e-06,0.0,1.5416651250000002e-06,0.0,9.249990750000001e-07,0.0,5.985311475e-07},{6.613763227500001e-05,-6.613763227500001e-05,0.0,1.8896409675000002e-05,0.0,6.298803225000001e-06,0.0,2.8630963432500006e-06,0.0,1.5416651250000002e-06,0.0,9.249990750000001e-07,0.0,5.985311475e-07,0.0},{6.613763227500001e-05,6.613763227500001e-05,1.8896409675000002e-05,0.0,6.298803225000001e-06,0.0,2.8630963432500006e-06,0.0,1.5416651250000002e-06,0.0,9.249990750000001e-07,0.0,5.985311475e-07,0.0,4.0951943175000006e-07},{2.8344654195000002e-05,-2.8344654195000002e-05,0.0,6.298803225000001e-06,0.0,2.8630963432500006e-06,0.0,1.5416651250000002e-06,0.0,9.249990750000001e-07,0.0,5.985311475e-07,0.0,4.0951943175000006e-07,0.0},{2.8344654195000002e-05,2.8344654195000002e-05,6.298803225000001e-06,0.0,2.8630963432500006e-06,0.0,1.5416651250000002e-06,0.0,9.249990750000001e-07,0.0,5.985311475e-07,0.0,4.0951943175000006e-07,0.0,2.9251478685000006e-07},{1.5747008062500002e-05,-1.5747008062500002e-05,0.0,2.8630963432500006e-06,0.0,1.5416651250000002e-06,0.0,9.249990750000001e-07,0.0,5.985311475e-07,0.0,4.0951943175000006e-07,0.0,2.9251478685000006e-07,0.0},{1.5747008062500002e-05,1.5747008062500002e-05,2.8630963432500006e-06,0.0,1.5416651250000002e-06,0.0,9.249990750000001e-07,0.0,5.985311475e-07,0.0,4.0951943175000006e-07,0.0,2.9251478685000006e-07,0.0,2.1620772030000003e-07},{1.0020823312500002e-05,-1.0020823312500002e-05,0.0,1.5416651250000002e-06,0.0,9.249990750000001e-07,0.0,5.985311475e-07,0.0,4.0951943175000006e-07,0.0,2.9251478685000006e-07,0.0,2.1620772030000003e-07,0.0},{1.0020823312500002e-05,1.0020823312500002e-05,1.5416651250000002e-06,0.0,9.249990750000001e-07,0.0,5.985311475e-07,0.0,4.0951943175000006e-07,0.0,2.9251478685000006e-07,0.0,2.1620772030000003e-07,0.0,1.64265311925e-07},{6.937493062500001e-06,-6.937493062500001e-06,0.0,9.249990750000001e-07,0.0,5.985311475e-07,0.0,4.0951943175000006e-07,0.0,2.9251478685000006e-07,0.0,2.1620772030000003e-07,0.0,1.64265311925e-07,0.0},{6.937493062500001e-06,6.937493062500001e-06,9.249990750000001e-07,0.0,5.985311475e-07,0.0,4.0951943175000006e-07,0.0,2.9251478685000006e-07,0.0,2.1620772030000003e-07,0.0,1.64265311925e-07,0.0,1.27374078975e-07},{5.087494912500001e-06,-5.087494912500001e-06,0.0,5.985311475e-07,0.0,4.0951943175000006e-07,0.0,2.9251478685000006e-07,0.0,2.1620772030000003e-07,0.0,1.64265311925e-07,0.0,1.27374078975e-07,0.0},{5.087494912500001e-06,5.087494912500001e-06,5.985311475e-07,0.0,4.0951943175000006e-07,0.0,2.9251478685000006e-07,0.0,2.1620772030000003e-07,0.0,1.64265311925e-07,0.0,1.27374078975e-07,0.0,9.979474147500001e-08}},{{0.0013227486772500001,0.0006613763227500001,0.00033068736772500005,6.613763227500001e-05,6.613763227500001e-05,2.8344654195000002e-05,2.8344654195000002e-05,1.5747008062500002e-05,1.5747008062500002e-05,1.0020823312500002e-05,1.0020823312500002e-05,6.937493062500001e-06,6.937493062500001e-06,5.087494912500001e-06,5.087494912500001e-06},{0.0006613763227500001,0.0052909867725,0.00033068736772500005,-6.613763227500001e-05,6.613763227500001e-05,-2.8344654195000002e-05,2.8344654195000002e-05,-1.5747008062500002e-05,1.5747008062500002e-05,-1.0020823312500002e-05,1.0020823312500002e-05,-6.937493062500001e-06,6.937493062500001e-06,-5.087494912500001e-06,5.087494912500001e-06},{0.00033068736772500005,0.00033068736772500005,0.00013227486772500002,0.0,1.8896409675000002e-05,0.0,6.298803225000001e-06,0.0,2.8630963432500006e-06,0.0,1.5416651250000002e-06,0.0,9.249990750000001e-07,0.0,5.985311475e-07},{6.613763227500001e-05,-6.613763227500001e-05,0.0,1.8896409675000002e-05,0.0,6.298803225000001e-06,0.0,2.8630963432500006e-06,0.0,1.5416651250000002e-06,0.0,9.249990750000001e-07,0.0,5.985311475e-07,0.0},{6.613763227500001e-05,6.613763227500001e-05,1.8896409675000002e-05,0.0,6.298803225000001e-06,0.0,2.8630963432500006e-06,0.0,1.5416651250000002e-06,0.0,9.249990750000001e-07,0.0,5.985311475e-07,0.0,4.0951943175000006e-07},{2.8344654195000002e-05,-2.8344654195000002e-05,0.0,6.298803225000001e-06,0.0,2.8630963432500006e-06,0.0,1.5416651250000002e-06,0.0,9.249990750000001e-07,0.0,5.985311475e-07,0.0,4.0951943175000006e-07,0.0},{2.8344654195000002e-05,2.8344654195000002e-05,6.298803225000001e-06,0.0,2.8630963432500006e-06,0.0,1.5416651250000002e-06,0.0,9.249990750000001e-07,0.0,5.985311475e-07,0.0,4.0951943175000006e-07,0.0,2.9251478685000006e-07},{1.5747008062500002e-05,-1.5747008062500002e-05,0.0,2.8630963432500006e-06,0.0,1.5416651250000002e-06,0.0,9.249990750000001e-07,0.0,5.985311475e-07,0.0,4.0951943175000006e-07,0.0,2.9251478685000006e-07,0.0},{1.5747008062500002e-05,1.5747008062500002e-05,2.8630963432500006e-06,0.0,1.5416651250000002e-06,0.0,9.249990750000001e-07,0.0,5.985311475e-07,0.0,4.0951943175000006e-07,0.0,2.9251478685000006e-07,0.0,2.1620772030000003e-07},{1.0020823312500002e-05,-1.0020823312500002e-05,0.0,1.5416651250000002e-06,0.0,9.249990750000001e-07,0.0,5.985311475e-07,0.0,4.0951943175000006e-07,0.0,2.9251478685000006e-07,0.0,2.1620772030000003e-07,0.0},{1.0020823312500002e-05,1.0020823312500002e-05,1.5416651250000002e-06,0.0,9.249990750000001e-07,0.0,5.985311475e-07,0.0,4.0951943175000006e-07,0.0,2.9251478685000006e-07,0.0,2.1620772030000003e-07,0.0,1.64265311925e-07},{6.937493062500001e-06,-6.937493062500001e-06,0.0,9.249990750000001e-07,0.0,5.985311475e-07,0.0,4.0951943175000006e-07,0.0,2.9251478685000006e-07,0.0,2.1620772030000003e-07,0.0,1.64265311925e-07,0.0},{6.937493062500001e-06,6.937493062500001e-06,9.249990750000001e-07,0.0,5.985311475e-07,0.0,4.0951943175000006e-07,0.0,2.9251478685000006e-07,0.0,2.1620772030000003e-07,0.0,1.64265311925e-07,0.0,1.27374078975e-07},{5.087494912500001e-06,-5.087494912500001e-06,0.0,5.985311475e-07,0.0,4.0951943175000006e-07,0.0,2.9251478685000006e-07,0.0,2.1620772030000003e-07,0.0,1.64265311925e-07,0.0,1.27374078975e-07,0.0},{5.087494912500001e-06,5.087494912500001e-06,5.985311475e-07,0.0,4.0951943175000006e-07,0.0,2.9251478685000006e-07,0.0,2.1620772030000003e-07,0.0,1.64265311925e-07,0.0,1.27374078975e-07,0.0,9.979474147500001e-08}},{{0.00084174915825,0.00042087584175,0.000210437415825,4.2087584175e-05,4.2087584175e-05,1.8037507215000002e-05,1.8037507215000002e-05,1.0020823312500002e-05,1.0020823312500002e-05,6.3768875625000005e-06,6.3768875625000005e-06,4.4147683125e-06,4.4147683125e-06,3.2374967625000004e-06,3.2374967625000004e-06},{0.00042087584175,0.0033669915825,0.000210437415825,-4.2087584175e-05,4.2087584175e-05,-1.8037507215000002e-05,1.8037507215000002e-05,-1.0020823312500002e-05,1.0020823312500002e-05,-6.3768875625000005e-06,6.3768875625000005e-06,-4.4147683125e-06,4.4147683125e-06,-3.2374967625000004e-06,3.2374967625000004e-06},{0.000210437415825,0.000210437415825,8.417491582500001e-05,0.0,1.2024987975000002e-05,0.0,4.008329325000001e-06,0.0,1.8219704002500002e-06,0.0,9.81059625e-07,0.0,5.88635775e-07,0.0,3.808834575e-07},{4.2087584175e-05,-4.2087584175e-05,0.0,1.2024987975000002e-05,0.0,4.008329325000001e-06,0.0,1.8219704002500002e-06,0.0,9.81059625e-07,0.0,5.88635775e-07,0.0,3.808834575e-07,0.0},{4.2087584175e-05,4.2087584175e-05,1.2024987975000002e-05,0.0,4.008329325000001e-06,0.0,1.8219704002500002e-06,0.0,9.81059625e-07,0.0,5.88635775e-07,0.0,3.808834575e-07,0.0,2.6060327475000004e-07},{1.8037507215000002e-05,-1.8037507215000002e-05,0.0,4.008329325000001e-06,0.0,1.8219704002500002e-06,0.0,9.81059625e-07,0.0,5.88635775e-07,0.0,3.808834575e-07,0.0,2.6060327475000004e-07,0.0},{1.8037507215000002e-05,1.8037507215000002e-05,4.008329325000001e-06,0.0,1.8219704002500002e-06,0.0,9.81059625e-07,0.0,5.88635775e-07,0.0,3.808834575e-07,0.0,2.6060327475000004e-07,0.0,1.8614577345000002e-07},{1.0020823312500002e-05,-1.0020823312500002e-05,0.0,1.8219704002500002e-06,0.0,9.81059625e-07,0.0,5.88635775e-07,0.0,3.808834575e-07,0.0,2.6060327475000004e-07,0.0,1.8614577345000002e-07,0.0},{1.0020823312500002e-05,1.0020823312500002e-05,1.8219704002500002e-06,0.0,9.81059625e-07,0.0,5.88635775e-07,0.0,3.808834575e-07,0.0,2.6060327475000004e-07,0.0,1.8614577345000002e-07,0.0,1.3758673110000002e-07},{6.3768875625000005e-06,-6.3768875625000005e-06,0.0,9.81059625e-07,0.0,5.88635775e-07,0.0,3.808834575e-07,0.0,2.6060327475000004e-07,0.0,1.8614577345000002e-07,0.0,1.3758673110000002e-07,0.0},{6.3768875625000005e-06,6.3768875625000005e-06,9.81059625e-07,0.0,5.88635775e-07,0.0,3.808834575e-07,0.0,2.6060327475000004e-07,0.0,1.8614577345000002e-07,0.0,1.3758673110000002e-07,0.0,1.0453247122500001e-07},{4.4147683125e-06,-4.4147683125e-06,0.0,5.88635775e-07,0.0,3.808834575e-07,0.0,2.6060327475000004e-07,0.0,1.8614577345000002e-07,0.0,1.3758673110000002e-07,0.0,1.0453247122500001e-07,0.0},{4.4147683125e-06,4.4147683125e-06,5.88635775e-07,0.0,3.808834575e-07,0.0,2.6060327475000004e-07,0.0,1.8614577345000002e-07,0.0,1.3758673110000002e-07,0.0,1.0453247122500001e-07,0.0,8.105623207499999e-08},{3.2374967625000004e-06,-3.2374967625000004e-06,0.0,3.808834575e-07,0.0,2.6060327475000004e-07,0.0,1.8614577345000002e-07,0.0,1.3758673110000002e-07,0.0,1.0453247122500001e-07,0.0,8.105623207499999e-08,0.0},{3.2374967625000004e-06,3.2374967625000004e-06,3.808834575e-07,0.0,2.6060327475000004e-07,0.0,1.8614577345000002e-07,0.0,1.3758673110000002e-07,0.0,1.0453247122500001e-07,0.0,8.105623207499999e-08,0.0,6.3505744575e-08}},{{0.00084174915825,0.00042087584175,0.000210437415825,4.2087584175e-05,4.2087584175e-05,1.8037507215000002e-05,1.8037507215000002e-05,1.0020823312500002e-05,1.0020823312500002e-05,6.3768875625000005e-06,6.3768875625000005e-06,4.4147683125e-06,4.4147683125e-06,3.2374967625000004e-06,3.2374967625000004e-06},{0.00042087584175,0.0033669915825,0.000210437415825,-4.2087584175e-05,4.2087584175e-05,-1.8037507215000002e-05,1.8037507215000002e-05,-1.0020823312500002e-05,1.0020823312500002e-05,-6.3768875625000005e-06,6.3768875625000005e-06,-4.4147683125e-06,4.4147683125e-06,-3.2374967625000004e-06,3.2374967625000004e-06},{0.000210437415825,0.000210437415825,8.417491582500001e-05,0.0,1.2024987975000002e-05,0.0,4.008329325000001e-06,0.0,1.8219704002500002e-06,0.0,9.81059625e-07,0.0,5.88635775e-07,0.0,3.808834575e-07},{4.2087584175e-05,-4.2087584175e-05,0.0,1.2024987975000002e-05,0.0,4.008329325000001e-06,0.0,1.8219704002500002e-06,0.0,9.81059625e-07,0.0,5.88635775e-07,0.0,3.808834575e-07,0.0},{4.2087584175e-05,4.2087584175e-05,1.2024987975000002e-05,0.0,4.008329325000001e-06,0.0,1.8219704002500002e-06,0.0,9.81059625e-07,0.0,5.88635775e-07,0.0,3.808834575e-07,0.0,2.6060327475000004e-07},{1.8037507215000002e-05,-1.8037507215000002e-05,0.0,4.008329325000001e-06,0.0,1.8219704002500002e-06,0.0,9.81059625e-07,0.0,5.88635775e-07,0.0,3.808834575e-07,0.0,2.6060327475000004e-07,0.0},{1.8037507215000002e-05,1.8037507215000002e-05,4.008329325000001e-06,0.0,1.8219704002500002e-06,0.0,9.81059625e-07,0.0,5.88635775e-07,0.0,3.808834575e-07,0.0,2.6060327475000004e-07,0.0,1.8614577345000002e-07},{1.0020823312500002e-05,-1.0020823312500002e-05,0.0,1.8219704002500002e-06,0.0,9.81059625e-07,0.0,5.88635775e-07,0.0,3.808834575e-07,0.0,2.6060327475000004e-07,0.0,1.8614577345000002e-07,0.0},{1.0020823312500002e-05,1.0020823312500002e-05,1.8219704002500002e-06,0.0,9.81059625e-07,0.0,5.88635775e-07,0.0,3.808834575e-07,0.0,2.6060327475000004e-07,0.0,1.8614577345000002e-07,0.0,1.3758673110000002e-07},{6.3768875625000005e-06,-6.3768875625000005e-06,0.0,9.81059625e-07,0.0,5.88635775e-07,0.0,3.808834575e-07,0.0,2.6060327475000004e-07,0.0,1.8614577345000002e-07,0.0,1.3758673110000002e-07,0.0},{6.3768875625000005e-06,6.3768875625000005e-06,9.81059625e-07,0.0,5.88635775e-07,0.0,3.808834575e-07,0.0,2.6060327475000004e-07,0.0,1.8614577345000002e-07,0.0,1.3758673110000002e-07,0.0,1.0453247122500001e-07},{4.4147683125e-06,-4.4147683125e-06,0.0,5.88635775e-07,0.0,3.808834575e-07,0.0,2.6060327475000004e-07,0.0,1.8614577345000002e-07,0.0,1.3758673110000002e-07,0.0,1.0453247122500001e-07,0.0},{4.4147683125e-06,4.4147683125e-06,5.88635775e-07,0.0,3.808834575e-07,0.0,2.6060327475000004e-07,0.0,1.8614577345000002e-07,0.0,1.3758673110000002e-07,0.0,1.0453247122500001e-07,0.0,8.105623207499999e-08},{3.2374967625000004e-06,-3.2374967625000004e-06,0.0,3.808834575e-07,0.0,2.6060327475000004e-07,0.0,1.8614577345000002e-07,0.0,1.3758673110000002e-07,0.0,1.0453247122500001e-07,0.0,8.105623207499999e-08,0.0},{3.2374967625000004e-06,3.2374967625000004e-06,3.808834575e-07,0.0,2.6060327475000004e-07,0.0,1.8614577345000002e-07,0.0,1.3758673110000002e-07,0.0,1.0453247122500001e-07,0.0,8.105623207499999e-08,0.0,6.3505744575e-08}},{{0.00058274941725,0.00029137558275,0.000145687441725,2.9137558275e-05,2.9137558275e-05,1.2487504995e-05,1.2487504995e-05,6.937493062500001e-06,6.937493062500001e-06,4.4147683125e-06,4.4147683125e-06,3.0563780625e-06,3.0563780625e-06,2.2413439125000002e-06,2.2413439125000002e-06},{0.00029137558275,0.0023309941725,0.000145687441725,-2.9137558275e-05,2.9137558275e-05,-1.2487504995e-05,1.2487504995e-05,-6.937493062500001e-06,6.937493062500001e-06,-4.4147683125e-06,4.4147683125e-06,-3.0563780625e-06,3.0563780625e-06,-2.2413439125000002e-06,2.2413439125000002e-06},{0.000145687441725,0.000145687441725,5.827494172500001e-05,0.0,8.324991675000001e-06,0.0,2.774997225e-06,0.0,1.2613641232500002e-06,0.0,6.79195125e-07,0.0,4.07517075e-07,0.0,2.6368854749999997e-07},{2.9137558275e-05,-2.9137558275e-05,0.0,8.324991675000001e-06,0.0,2.774997225e-06,0.0,1.2613641232500002e-06,0.0,6.79195125e-07,0.0,4.07517075e-07,0.0,2.6368854749999997e-07,0.0},{2.9137558275e-05,2.9137558275e-05,8.324991675000001e-06,0.0,2.774997225e-06,0.0,1.2613641232500002e-06,0.0,6.79195125e-07,0.0,4.07517075e-07,0.0,2.6368854749999997e-07,0.0,1.8041765175e-07},{1.2487504995e-05,-1.2487504995e-05,0.0,2.774997225e-06,0.0,1.2613641232500002e-06,0.0,6.79195125e-07,0.0,4.07517075e-07,0.0,2.6368854749999997e-07,0.0,1.8041765175e-07,0.0},{1.2487504995e-05,1.2487504995e-05,2.774997225e-06,0.0,1.2613641232500002e-06,0.0,6.79195125e-07,0.0,4.07517075e-07,0.0,2.6368854749999997e-07,0.0,1.8041765175e-07,0.0,1.2887015085e-07},{6.937493062500001e-06,-6.937493062500001e-06,0.0,1.2613641232500002e-06,0.0,6.79195125e-07,0.0,4.07517075e-07,0.0,2.6368854749999997e-07,0.0,1.8041765175e-07,0.0,1.2887015085e-07,0.0},{6.937493062500001e-06,6.937493062500001e-06,1.2613641232500002e-06,0.0,6.79195125e-07,0.0,4.07517075e-07,0.0,2.6368854749999997e-07,0.0,1.8041765175e-07,0.0,1.2887015085e-07,0.0,9.52523523e-08},{4.4147683125e-06,-4.4147683125e-06,0.0,6.79195125e-07,0.0,4.07517075e-07,0.0,2.6368854749999997e-07,0.0,1.8041765175e-07,0.0,1.2887015085e-07,0.0,9.52523523e-08,0.0},{4.4147683125e-06,4.4147683125e-06,6.79195125e-07,0.0,4.07517075e-07,0.0,2.6368854749999997e-07,0.0,1.8041765175e-07,0.0,1.2887015085e-07,0.0,9.52523523e-08,0.0,7.2368633925e-08},{3.0563780625e-06,-3.0563780625e-06,0.0,4.07517075e-07,0.0,2.6368854749999997e-07,0.0,1.8041765175e-07,0.0,1.2887015085e-07,0.0,9.52523523e-08,0.0,7.2368633925e-08,0.0},{3.0563780625e-06,3.0563780625e-06,4.07517075e-07,0.0,2.6368854749999997e-07,0.0,1.8041765175e-07,0.0,1.2887015085e-07,0.0,9.52523523e-08,0.0,7.2368633925e-08,0.0,5.6115852974999995e-08},{2.2413439125000002e-06,-2.2413439125000002e-06,0.0,2.6368854749999997e-07,0.0,1.8041765175e-07,0.0,1.2887015085e-07,0.0,9.52523523e-08,0.0,7.2368633925e-08,0.0,5.6115852974999995e-08,0.0},{2.2413439125000002e-06,2.2413439125000002e-06,2.6368854749999997e-07,0.0,1.8041765175e-07,0.0,1.2887015085e-07,0.0,9.52523523e-08,0.0,7.2368633925e-08,0.0,5.6115852974999995e-08,0.0,4.3965515475e-08}},{{0.00058274941725,0.00029137558275,0.000145687441725,2.9137558275e-05,2.9137558275e-05,1.2487504995e-05,1.2487504995e-05,6.937493062500001e-06,6.937493062500001e-06,4.4147683125e-06,4.4147683125e-06,3.0563780625e-06,3.0563780625e-06,2.2413439125000002e-06,2.2413439125000002e-06},{0.00029137558275,0.0023309941725,0.000145687441725,-2.9137558275e-05,2.9137558275e-05,-1.2487504995e-05,1.2487504995e-05,-6.937493062500001e-06,6.937493062500001e-06,-4.4147683125e-06,4.4147683125e-06,-3.0563780625e-06,3.0563780625e-06,-2.2413439125000002e-06,2.2413439125000002e-06},{0.000145687441725,0.000145687441725,5.827494172500001e-05,0.0,8.324991675000001e-06,0.0,2.774997225e-06,0.0,1.2613641232500002e-06,0.0,6.79195125e-07,0.0,4.07517075e-07,0.0,2.6368854749999997e-07},{2.9137558275e-05,-2.9137558275e-05,0.0,8.324991675000001e-06,0.0,2.774997225e-06,0.0,1.2613641232500002e-06,0.0,6.79195125e-07,0.0,4.07517075e-07,0.0,2.6368854749999997e-07,0.0},{2.9137558275e-05,2.9137558275e-05,8.324991675000001e-06,0.0,2.774997225e-06,0.0,1.2613641232500002e-06,0.0,6.79195125e-07,0.0,4.07517075e-07,0.0,2.6368854749999997e-07,0.0,1.8041765175e-07},{1.2487504995e-05,-1.2487504995e-05,0.0,2.774997225e-06,0.0,1.2613641232500002e-06,0.0,6.79195125e-07,0.0,4.07517075e-07,0.0,2.6368854749999997e-07,0.0,1.8041765175e-07,0.0},{1.2487504995e-05,1.2487504995e-05,2.774997225e-06,0.0,1.2613641232500002e-06,0.0,6.79195125e-07,0.0,4.07517075e-07,0.0,2.6368854749999997e-07,0.0,1.8041765175e-07,0.0,1.2887015085e-07},{6.937493062500001e-06,-6.937493062500001e-06,0.0,1.2613641232500002e-06,0.0,6.79195125e-07,0.0,4.07517075e-07,0.0,2.6368854749999997e-07,0.0,1.8041765175e-07,0.0,1.2887015085e-07,0.0},{6.937493062500001e-06,6.937493062500001e-06,1.2613641232500002e-06,0.0,6.79195125e-07,0.0,4.07517075e-07,0.0,2.6368854749999997e-07,0.0,1.8041765175e-07,0.0,1.2887015085e-07,0.0,9.52523523e-08},{4.4147683125e-06,-4.4147683125e-06,0.0,6.79195125e-07,0.0,4.07517075e-07,0.0,2.6368854749999997e-07,0.0,1.8041765175e-07,0.0,1.2887015085e-07,0.0,9.52523523e-08,0.0},{4.4147683125e-06,4.4147683125e-06,6.79195125e-07,0.0,4.07517075e-07,0.0,2.6368854749999997e-07,0.0,1.8041765175e-07,0.0,1.2887015085e-07,0.0,9.52523523e-08,0.0,7.2368633925e-08},{3.0563780625e-06,-3.0563780625e-06,0.0,4.07517075e-07,0.0,2.6368854749999997e-07,0.0,1.8041765175e-07,0.0,1.2887015085e-07,0.0,9.52523523e-08,0.0,7.2368633925e-08,0.0},{3.05